0,0,420501091,172,1,804,e0350600,ulscheduler,0,0
1,0,420501626,1453,5,65,e0350600,ulscheduler,0,0
2,0,420503321,725,5,65,e0350600,ulscheduler,0,0
3,1,420504080,750,0,1,f7fc3a00,ulsched C1,0,0
4,0,420504854,582,5,65,e0350600,ulscheduler,0,0
5,2,420505525,798,0,1,f7fc4e00,ulsched C2,0,0
6,0,420506345,552,5,65,e0350600,ulscheduler,0,0
7,3,420506962,790,0,1,f7fc6200,ulsched C3,0,0
8,0,420507776,1177,5,69,f7fc2600,ulsched C0,0,0
9,1,420508975,1356,5,2a041,ff106200,idle_thread,0,0
10,2,420510342,885,5,2a041,ff106600,idle_thread,0,0
11,3,420511244,894,5,2a041,ff106a00,idle_thread,0,0
12,0,420512155,1178,5,2a041,f7fc2200,time server,0,0
13,0,420517667,2481,5,42,f7fc2200,time server,0,0
14,1,420520169,729,0,1,f7fc3a00,ulsched C1,0,0
15,0,420521565,1157,5,42,f7fc2200,time server,0,0
16,2,420522767,712,0,1,f7fc4e00,ulsched C2,0,0
17,0,420524020,1095,5,42,f7fc2200,time server,0,0
18,3,420525208,728,0,1,f7fc6200,ulsched C3,0,0
19,0,420526593,1554,5,42,f7fc2600,ulsched C0,0,0
20,0,420533792,1222,5,1e5e1,f7fc2600,ulsched C0,0,0
21,2,420535033,1206,5,1e5e1,f7fc4e00,ulsched C2,0,0
22,1,420536260,1258,5,1e5e1,f7fc3a00,ulsched C1,0,0
23,3,420537540,1218,5,1e5e1,f7fc6200,ulsched C3,0,0
24,0,420538767,557,5,204e1,f7fc2600,ulsched C0,0,0
25,2,420539343,579,5,204e1,f7fc4e00,ulsched C2,0,0
26,1,420539943,604,5,204e1,f7fc3a00,ulsched C1,0,0
27,3,420540571,546,5,204e1,f7fc6200,ulsched C3,0,0
28,0,420541139,1470,5,1f4e1,f7fc2600,ulsched C0,0,0
29,2,420542627,1327,5,1f4e1,f7fc4e00,ulsched C2,0,0
30,1,420545337,-16,5,1f4e1,f7fc3a00,ulsched C1,0,0
31,3,420545337,1348,5,1f4e1,f7fc6200,ulsched C3,0,0
32,0,420546694,1259,5,234e1,f7fc2600,ulsched C0,0,0
33,2,420547986,1125,5,234e1,f7fc4e00,ulsched C2,0,0
34,1,420549136,823,5,234e1,f7fc3a00,ulsched C1,0,0
35,3,420549980,779,5,234e1,f7fc6200,ulsched C3,0,0
36,0,420550786,1616,5,2a041,f7fc2200,time server,0,0
37,2,420552420,1244,5,2a041,f7fc5200,C2T0,0,0
38,1,420553681,1275,5,2a041,f7fc3e00,C1T0,0,0
39,3,420554974,1170,5,2a041,f7fc6600,C3T0,0,0
40,2,420556166,332,1,82c,f7fc5200,C2T0,0,44
41,1,420556520,43502,1,82c,f7fc3e00,C1T0,0,44
42,3,420600044,43282,1,82c,f7fc6600,C3T0,0,44
43,2,420643349,778,5,f0041,ff106600,idle_thread,0,44
44,0,420644152,1936,5,42,f7fc2200,time server,0,44
45,1,420646097,933,5,f0041,ff106200,idle_thread,0,44
46,3,420647058,797,5,f0041,ff106a00,idle_thread,0,44
47,0,420649244,1372,5,42,f7fc2200,time server,0,44
48,2,420650691,811,0,1,f7fc4e00,ulsched C2,0,44
49,2,420651965,823,5,47,f7fc4e00,ulsched C2,0,44
50,0,420652810,1123,5,42,f7fc2200,time server,0,44
51,1,420654045,754,0,1,f7fc3a00,ulsched C1,0,44
52,1,420655417,1020,5,47,f7fc3a00,ulsched C1,0,44
53,0,420656462,1510,5,42,f7fc2600,ulsched C0,0,44
54,2,420657991,292,1,84f,f7fc4e00,ulsched C2,0,725
55,3,420658298,998,0,1,f7fc6200,ulsched C3,0,725
56,0,420659320,1220,5,47,f7fc2a00,C0T0,0,725
57,3,420660565,826,5,47,f7fc6200,ulsched C3,0,725
58,1,420661424,260,1,84f,f7fc3a00,ulsched C1,0,725
59,2,420661706,1013,5,204e1,f7fc4e00,ulsched C2,0,725
60,2,420663475,1344,5,1f4e1,f7fc4e00,ulsched C2,0,725
61,3,420664837,250,1,84f,f7fc6200,ulsched C3,0,725
62,2,420665740,1846,5,2a041,f7ce7200,MC-Sq-0,0,725
63,1,420667618,1486,5,2a041,ff106200,idle_thread,0,725
64,0,420669128,906,0,1,f7fc2200,time server,0,725
65,2,420670056,16585,1,82c,f7ce7200,MC-Sq-0,0,57
66,3,420686668,1639,5,2a041,ff106a00,idle_thread,0,57
67,0,420688330,1235,5,42,f7fc2200,time server,0,57
68,2,420689585,169,1,84f,f7ce7200,MC-Sq-0,0,725
69,2,420690013,875,0,1,f7fc4e00,ulsched C2,0,725
70,0,420690911,1202,5,42,f7fc2200,time server,0,725
71,1,420692152,890,0,1,f7fc3a00,ulsched C1,0,725
72,0,420693339,1378,5,42,f7fc2a00,C0T0,0,725
73,2,420694735,1809,5,2a041,f7ce7200,MC-Sq-0,0,725
74,3,420696558,852,0,1,f7fc6200,ulsched C3,0,725
75,1,420698267,-19,0,204e1,f7fc3a00,ulsched C1,0,725
76,0,420698267,744,0,1,f7fc2200,time server,0,725
77,2,420699038,30959,1,80c,f7ce7200,MC-Sq-0,0,77
78,1,420730022,1243,5,1e5e1,f7fc3a00,ulsched C1,0,77
79,3,420731288,727,5,204e1,f7fc6200,ulsched C3,0,77
80,0,420732033,1446,5,42,f7fc2a00,C0T0,0,77
81,1,420733497,524,5,204e1,f7fc3a00,ulsched C1,0,77
82,3,420734044,929,5,1e5e1,f7fc6200,ulsched C3,0,77
83,2,420734992,757,0,1,f7fc4e00,ulsched C2,0,77
84,1,420737035,-20,5,1f4e1,f7fc3a00,ulsched C1,0,77
85,3,420737035,691,5,204e1,f7fc6200,ulsched C3,0,77
86,2,420737752,1031,5,47,f7ce7200,MC-Sq-0,0,77
87,1,420738810,738,5,234e1,f7fc3a00,ulsched C1,0,77
88,3,420739574,1253,5,1f4e1,f7fc6200,ulsched C3,0,77
89,1,420740838,1707,5,2a041,f7fc4200,C1T1,0,77
90,3,420742570,730,5,234e1,f7fc6200,ulsched C3,0,77
91,0,420743325,749,0,1,f7fc2200,time server,0,77
92,1,420744099,29240,1,82c,f7fc4200,C1T1,0,44
93,3,420773362,1058,5,2a041,f7fc6a00,C3T1,0,44
94,0,420774443,1124,5,42,f7fc2200,time server,0,44
95,1,420775586,970,5,f0041,f7fc3a00,ulsched C1,0,44
96,3,420776578,40105,1,82c,f7fc6a00,C3T1,0,44
97,1,420816709,589,0,1,f7fc3a00,ulsched C1,0,44
98,0,420817318,1382,5,42,f7fc2a00,C0T0,0,44
99,2,420818717,41274,1,82c,f7ce7200,MC-Sq-0,0,41
100,3,420860017,1030,5,f0041,f7fc6200,ulsched C3,0,41
101,1,420861074,779,5,47,f7fc3a00,ulsched C1,0,41
102,0,420861875,41366,1,81c,f7fc2a00,C0T0,0,52
103,2,420903259,1374,5,f3041,f7fc4e00,ulsched C2,0,52
104,3,420904662,596,0,1,f7fc6200,ulsched C3,0,52
105,1,420905284,210,1,84f,f7fc3a00,ulsched C1,0,725
106,0,420905516,1403,5,f0041,f7fc2600,ulsched C0,0,725
107,3,420906943,1061,5,47,f7fc6200,ulsched C3,0,725
108,2,420908031,831,5,f2085,f7fc4e00,ulsched C2,0,725
109,0,420909393,42,1,84f,f7fc2600,ulsched C0,0,725
110,1,420909393,1599,5,2a041,ff106200,idle_thread,0,725
111,2,420911009,639,5,204e1,f7fc4e00,ulsched C2,0,725
112,3,420911673,243,1,84f,f7fc6200,ulsched C3,0,725
113,2,420912351,1215,5,1f4e1,f7fc4e00,ulsched C2,0,725
114,0,420913584,1663,5,2a041,f7fc2200,time server,0,725
115,2,420915274,641,5,f4085,f7fc4e00,ulsched C2,0,725
116,3,420915948,1326,5,2a041,ff106a00,idle_thread,0,725
117,0,420917297,1418,5,42,f7fc2200,time server,0,725
118,2,420918732,1057,5,f5045,f7fc5200,C2T0,0,725
119,1,420919821,892,0,1,f7fc3a00,ulsched C1,0,725
120,0,420920734,1455,5,42,f7fc2200,time server,0,725
121,2,420922204,24393,1,81c,f7fc5200,C2T0,0,64
122,1,420946624,783,5,204e1,f7fc3a00,ulsched C1,0,64
123,0,420947428,1392,5,42,f7fc2600,ulsched C0,0,64
124,2,420948837,41064,1,82c,f7fc5200,C2T0,0,44
125,1,420989925,880,5,1e5e1,f7fc3a00,ulsched C1,0,44
126,3,420990828,791,0,1,f7fc6200,ulsched C3,0,44
127,0,420991649,1798,5,2a041,f7fc2200,time server,0,44
128,2,420993456,773,5,f0041,ff106600,idle_thread,0,44
129,1,420994254,503,5,204e1,f7fc3a00,ulsched C1,0,44
130,3,420994779,838,5,204e1,f7fc6200,ulsched C3,0,44
131,1,420995627,1270,5,1f4e1,f7fc3a00,ulsched C1,0,44
132,0,420996915,2020,5,42,f7fc2600,ulsched C0,0,44
133,3,420998944,882,5,1e5e1,f7fc6200,ulsched C3,0,44
134,1,420999853,696,5,234e1,f7fc3a00,ulsched C1,0,44
135,0,421000571,884,5,47,f7fc2600,ulsched C0,0,44
136,3,421001482,477,5,204e1,f7fc6200,ulsched C3,0,44
137,1,421001979,1515,5,2a041,f7fc4600,C1T2,0,44
138,2,421003514,829,0,1,f7fc4e00,ulsched C2,0,44
139,3,421004367,1250,5,1f4e1,f7fc6200,ulsched C3,0,44
140,0,421005641,1190,5,f5045,f7fc2200,time server,0,44
141,1,421006852,26429,1,82c,f7fc4600,C1T2,0,44
142,2,421033304,1015,5,2a041,ff106600,idle_thread,0,44
143,3,421034338,800,5,234e1,f7fc6200,ulsched C3,0,44
144,0,421035162,1274,5,42,f7fc2200,time server,0,44
145,1,421036451,972,5,f0041,f7fc3a00,ulsched C1,0,44
146,3,421037447,1022,5,2a041,f7fc6e00,C3T2,0,44
147,1,421038488,581,0,1,f7fc3a00,ulsched C1,0,44
148,0,421039088,1068,5,42,f7fc2200,time server,0,44
149,3,421040181,36366,1,82c,f7fc6e00,C3T2,0,44
150,1,421076569,931,5,47,f7fc3a00,ulsched C1,0,44
151,2,421077523,669,0,1,f7fc4e00,ulsched C2,0,44
152,0,421078214,1517,5,42,f7fc2600,ulsched C0,0,44
153,3,421079746,1390,5,f0041,f7fc6200,ulsched C3,0,44
154,1,421081158,1040,5,f5045,ff106200,idle_thread,0,44
155,2,421082217,1438,5,2a041,ff106600,idle_thread,0,44
156,0,421083670,1093,5,2a041,f7fc2200,time server,0,44
157,3,421084780,588,0,1,f7fc6200,ulsched C3,0,44
158,3,421085749,1049,5,47,f7fc6200,ulsched C3,0,44
159,0,421086818,1205,5,42,f7fc2200,time server,0,44
160,1,421088045,778,0,1,f7fc3a00,ulsched C1,0,44
161,2,421088857,692,0,1,f7fc4e00,ulsched C2,0,44
162,3,421089573,935,5,2a041,ff106a00,idle_thread,0,44
163,0,421090527,1417,5,42,f7fc2200,time server,0,44
164,1,421091958,823,5,2a041,ff106200,idle_thread,0,44
165,2,421092807,800,5,47,f7fc4e00,ulsched C2,0,44
166,0,421093630,1071,5,42,f7fc2200,time server,0,44
167,3,421094772,774,0,1,f7fc6200,ulsched C3,0,44
168,2,421095566,209,1,84f,f7fc4e00,ulsched C2,0,725
169,0,421095906,1325,5,42,f7fc2600,ulsched C0,0,725
170,1,421097253,678,0,1,f7fc3a00,ulsched C1,0,725
171,3,421097953,1588,5,2a041,ff106a00,idle_thread,0,725
172,0,421099557,1109,5,2a041,f7fc2200,time server,0,725
173,2,421100685,1081,5,2a041,ff106600,idle_thread,0,725
174,1,421101785,1139,5,2a041,ff106200,idle_thread,0,725
175,0,421102933,1338,5,42,f7fc2200,time server,0,725
176,3,421104343,1086,0,1,f7fc6200,ulsched C3,0,725
177,3,421105809,662,5,47,f7fc6200,ulsched C3,0,725
178,0,421106495,1409,5,42,f7fc2200,time server,0,725
179,3,421108039,216,1,84f,f7fc6200,ulsched C3,0,725
180,0,421109232,1048,5,42,f7fc2200,time server,0,725
181,2,421110385,827,0,1,f7fc4e00,ulsched C2,0,725
182,3,421111234,1140,5,2a041,ff106a00,idle_thread,0,725
183,0,421112388,1111,5,42,f7fc2200,time server,0,725
184,2,421113516,828,5,204e1,f7fc4e00,ulsched C2,0,725
185,1,421114366,713,0,1,f7fc3a00,ulsched C1,0,725
186,0,421115101,1308,5,42,f7fc2600,ulsched C0,0,725
187,2,421116424,1163,5,1e5e1,f7fc4e00,ulsched C2,0,725
188,1,421117610,678,5,47,f7fc3a00,ulsched C1,0,725
189,3,421118316,804,0,1,f7fc6200,ulsched C3,0,725
190,0,421119139,853,5,47,ffddd200,idle_thread,0,725
191,2,421120018,511,5,204e1,f7fc4e00,ulsched C2,0,725
192,1,421120553,223,1,84f,f7fc3a00,ulsched C1,0,725
193,2,421120947,1325,5,1f4e1,f7fc4e00,ulsched C2,0,725
194,3,421122281,817,5,204e1,f7fc6200,ulsched C3,0,725
195,2,421123112,786,5,234e1,f7fc4e00,ulsched C2,0,725
196,1,421123922,1613,5,2a041,ff106200,idle_thread,0,725
197,3,421125552,828,5,1e5e1,f7fc6200,ulsched C3,0,725
198,2,421126404,1004,5,2a041,f7fc5600,C2T1,0,725
199,0,421127435,844,0,1,f7fc2200,time server,0,725
200,3,421128310,468,5,204e1,f7fc6200,ulsched C3,0,725
201,2,421128802,278,1,82c,f7fc5600,C2T1,0,44
202,3,421129222,1250,5,1f4e1,f7fc6200,ulsched C3,0,44
203,2,421130481,1399,5,f0041,ff106600,idle_thread,0,44
204,0,421131905,1125,5,42,f7fc2200,time server,0,44
205,3,421133056,729,5,234e1,f7fc6200,ulsched C3,0,44
206,1,421134653,-12,0,1,f7fc3a00,ulsched C1,0,44
207,0,421134653,1212,5,42,ffddd200,idle_thread,0,44
208,3,421135883,1615,5,2a041,f7fc7200,C3T3,0,44
209,2,421137524,788,0,1,f7fc4e00,ulsched C2,0,44
210,1,421138336,814,5,204e1,f7fc3a00,ulsched C1,0,44
211,0,421139171,770,0,1,f7fc2200,time server,0,44
212,3,421139969,32536,1,82c,f7fc7200,C3T3,0,44
213,2,421172527,829,5,47,f7fc4e00,ulsched C2,0,44
214,1,421173378,1010,5,1e5e1,f7fc3a00,ulsched C1,0,44
215,0,421174409,1209,5,42,ffddd200,idle_thread,0,44
216,3,421175642,986,5,f0041,f7fc6200,ulsched C3,0,44
217,1,421176654,447,5,204e1,f7fc3a00,ulsched C1,0,44
218,2,421177125,227,1,84f,f7fc4e00,ulsched C2,0,725
219,3,421177377,591,0,1,f7fc6200,ulsched C3,0,725
220,1,421177989,1229,5,1f4e1,f7fc3a00,ulsched C1,0,725
221,3,421179235,816,5,47,f7fc6200,ulsched C3,0,725
222,1,421180071,763,5,234e1,f7fc3a00,ulsched C1,0,725
223,2,421180861,1634,5,2a041,ff106600,idle_thread,0,725
224,1,421182517,1034,5,2a041,f7fc4a00,C1T3,0,725
225,3,421183568,239,1,84f,f7fc6200,ulsched C3,0,725
226,0,421183831,737,0,1,f7fc2200,time server,0,725
227,1,421184599,31214,1,82c,f7fc4a00,C1T3,0,44
228,0,421215837,1330,5,42,f7fc2200,time server,0,44
229,3,421217181,1075,5,2a041,ff106a00,idle_thread,0,44
230,1,421218278,818,5,f0041,ff106200,idle_thread,0,44
231,2,421219119,896,0,1,f7fc4e00,ulsched C2,0,44
232,0,421220037,1028,5,42,f7fc2200,time server,0,44
233,1,421221126,793,0,1,f7fc3a00,ulsched C1,0,44
234,0,421222281,1154,5,42,ffddd200,idle_thread,0,44
235,1,421223455,744,5,47,f7fc3a00,ulsched C1,0,44
236,2,421224218,834,5,204e1,f7fc4e00,ulsched C2,0,44
237,3,421225073,874,0,1,f7fc6200,ulsched C3,0,44
238,2,421225971,932,5,1e5e1,f7fc4e00,ulsched C2,0,44
239,1,421226922,211,1,84f,f7fc3a00,ulsched C1,0,725
240,2,421227347,463,5,204e1,f7fc4e00,ulsched C2,0,725
241,2,421228176,1198,5,1f4e1,f7fc4e00,ulsched C2,0,725
242,3,421229394,846,5,204e1,f7fc6200,ulsched C3,0,725
243,1,421230257,1552,5,2a041,ff106200,idle_thread,0,725
244,2,421231830,724,5,234e1,f7fc4e00,ulsched C2,0,725
245,3,421232581,870,5,1e5e1,f7fc6200,ulsched C3,0,725
246,0,421233474,722,0,1,f7fc2200,time server,0,725
247,2,421234222,1077,5,2a041,f7fc5a00,C2T2,0,725
248,3,421235329,463,5,204e1,f7fc6200,ulsched C3,0,725
249,0,421235817,1034,5,42,f7fc2200,time server,0,725
250,2,421236878,22163,1,82c,f7fc5a00,C2T2,0,44
251,3,421259072,1242,5,1f4e1,f7fc6200,ulsched C3,0,44
252,1,421260336,781,0,1,f7fc3a00,ulsched C1,0,44
253,0,421261137,1141,5,42,ffddd200,idle_thread,0,44
254,2,421262295,982,5,f0041,f7fc4e00,ulsched C2,0,44
255,3,421263310,782,5,234e1,f7fc6200,ulsched C3,0,44
256,2,421264118,565,0,1,f7fc4e00,ulsched C2,0,44
257,1,421264711,768,5,204e1,f7fc3a00,ulsched C1,0,44
258,3,421265496,36961,1,82c,f7fc6200,ulsched C3,0,54
259,2,421302479,910,5,47,f7fc4e00,ulsched C2,0,54
260,1,421303413,900,5,1e5e1,f7fc3a00,ulsched C1,0,54
261,3,421304343,1588,5,2a041,f7feee00,IDLE3,0,54
262,1,421305954,478,5,204e1,f7fc3a00,ulsched C1,0,54
263,2,421306467,193,1,84f,f7fc4e00,ulsched C2,0,725
264,0,421306686,681,0,1,f7fc2200,time server,0,725
265,1,421307392,1335,5,1f4e1,f7fc3a00,ulsched C1,0,725
266,0,421308852,1209,5,42,ffddd200,idle_thread,0,725
267,1,421310080,723,5,234e1,f7fc3a00,ulsched C1,0,725
268,2,421310825,1659,5,2a041,ff106600,idle_thread,0,725
269,3,421312510,1108,0,1,f7fc6200,ulsched C3,0,725
270,1,421313640,32128,1,82c,f7fc3a00,ulsched C1,0,54
271,0,421345803,1113,0,1,f7fc2200,time server,0,54
272,3,421346941,1009,5,47,f7feee00,IDLE3,0,54
273,1,421347977,1047,5,2a041,f7fc7a00,IDLE1,0,54
274,0,421349046,1109,5,42,f7fc2200,time server,0,54
275,2,421350240,812,0,1,f7fc4e00,ulsched C2,0,54
276,0,421351642,1131,5,42,ffddd200,idle_thread,0,54
277,1,421352797,1094,0,1,f7fc3a00,ulsched C1,0,54
278,2,421353915,798,5,204e1,f7fc4e00,ulsched C2,0,54
279,1,421354730,964,5,47,f7fc7a00,IDLE1,0,54
280,2,421355719,949,5,1e5e1,f7fc4e00,ulsched C2,0,54
281,2,421357075,504,5,204e1,f7fc4e00,ulsched C2,0,54
282,2,421357964,1223,5,1f4e1,f7fc4e00,ulsched C2,0,54
283,2,421359615,753,5,234e1,f7fc4e00,ulsched C2,0,54
284,2,421361232,1509,5,2a041,f7fc5e00,C2T3,0,54
285,0,421362756,1074,0,1,f7fc2200,time server,0,54
286,2,421363853,25226,1,82c,f7fc5e00,C2T3,0,44
287,0,421389101,1351,5,42,ffddd200,idle_thread,0,44
288,2,421390474,971,5,f0041,f7fc4e00,ulsched C2,0,44
289,2,421391717,564,0,1,f7fc4e00,ulsched C2,0,44
290,2,421392700,716,5,47,f7fc4e00,ulsched C2,0,44
291,2,421394911,189,1,84f,f7fc4e00,ulsched C2,0,725
292,2,421397744,1487,5,2a041,ff106600,idle_thread,0,725
293,0,421399254,704,0,1,f7fc2200,time server,0,725
294,0,421401227,1205,5,42,ffddd200,idle_thread,0,725
295,2,421402460,813,0,1,f7fc4e00,ulsched C2,0,725
296,2,421405940,794,5,204e1,f7fc4e00,ulsched C2,0,725
297,2,421407335,890,5,1e5e1,f7fc4e00,ulsched C2,0,725
298,2,421408619,483,5,204e1,f7fc4e00,ulsched C2,0,725
299,2,421409456,1214,5,1f4e1,f7fc4e00,ulsched C2,0,725
300,2,421411074,715,5,234e1,f7fc4e00,ulsched C2,0,725
301,2,421412201,20242,1,82c,f7fc4e00,ulsched C2,0,54
302,2,421433080,1429,5,2a041,f7fc7e00,IDLE2,0,54
303,0,421434522,696,0,1,f7fc2200,time server,0,54
304,0,421436675,1148,5,42,ffddd200,idle_thread,0,54
305,2,421437845,1087,0,1,f7fc4e00,ulsched C2,0,54
306,2,421439327,993,5,47,f7fc7e00,IDLE2,0,54
307,0,423445178,524,0,1b,ffddd200,idle_thread,0,54
308,0,425934356,404,0,1b,ffddd200,idle_thread,0,54
309,0,428020409,1743,0,59,f7fc2200,time server,0,54
310,0,428025064,636,5,1a1e1,f7fc2200,time server,0,54
311,0,428030045,797,5,47,ffddd200,idle_thread,0,54
312,0,428433218,444,0,1b,ffddd200,idle_thread,0,54
313,0,430922381,373,0,1b,ffddd200,idle_thread,0,54
314,0,433411536,350,0,1b,ffddd200,idle_thread,0,54
315,0,435876536,846,0,59,f7fc2200,time server,0,54
316,0,435878478,514,5,1a1e1,f7fc2200,time server,0,54
317,0,435880393,1046,5,65,f7fc2200,time server,0,54
318,0,435883301,969,5,47,f7fc2600,ulsched C0,0,54
319,0,435885082,1439,5,2a041,f7fc2200,time server,0,54
320,0,435888390,1352,5,42,f7fc2600,ulsched C0,0,54
321,0,435891128,710,5,204e1,f7fc2600,ulsched C0,0,54
322,0,435892484,685,5,1f4e1,f7fc2600,ulsched C0,0,54
323,0,435895903,968,5,f5045,f7fc2600,ulsched C0,0,54
324,1,435896893,752,0,1,f7fc3a00,ulsched C1,0,54
325,0,435898274,698,5,204e1,f7fc2600,ulsched C0,0,54
326,0,435899907,862,5,1e5e1,f7fc2600,ulsched C0,0,54
327,0,435901118,491,5,204e1,f7fc2600,ulsched C0,0,54
328,1,435901633,1690,5,2a041,f7fc7a00,IDLE1,0,54
329,0,435903343,1371,5,1f4e1,f7fc2600,ulsched C0,0,54
330,0,435905170,749,5,234e1,f7fc2600,ulsched C0,0,54
331,0,435906855,1116,5,2a041,f7fc2200,time server,0,54
332,0,435909689,1452,5,42,f7fc2200,time server,0,54
333,1,435911188,717,0,1,f7fc3a00,ulsched C1,0,54
334,1,435912862,607,5,204e1,f7fc3a00,ulsched C1,0,54
335,1,435913914,686,5,1f4e1,f7fc3a00,ulsched C1,0,54
336,0,435914614,1416,5,42,f7fc2600,ulsched C0,0,54
337,0,435916466,893,5,47,f7fc7600,IDLE0,0,54
338,1,435921248,729,5,204e1,f7fc3a00,ulsched C1,0,54
339,1,435922505,795,5,1e5e1,f7fc3a00,ulsched C1,0,54
340,1,435923858,453,5,204e1,f7fc3a00,ulsched C1,0,54
341,1,435924658,1225,5,1f4e1,f7fc3a00,ulsched C1,0,54
342,1,435926289,705,5,234e1,f7fc3a00,ulsched C1,0,54
343,1,435927889,1521,5,2a041,f7ce7200,MC-Sq-0,0,54
344,0,435929438,908,0,1,f7fc2200,time server,0,54
345,1,435930372,291,1,82c,f7ce7200,MC-Sq-0,0,61
346,1,435931608,42554,1,82c,f7ce7200,MC-Sq-0,0,57
347,0,435974184,1693,5,42,f7fc7600,IDLE0,0,57
348,1,435975890,183,1,84f,f7ce7200,MC-Sq-0,0,725
349,1,435976575,780,0,1,f7fc3a00,ulsched C1,0,725
350,1,435977798,999,5,47,f7ce7200,MC-Sq-0,0,725
351,1,435979441,38160,1,80c,f7ce7200,MC-Sq-0,0,77
352,1,436065628,257,1,82c,f7ce7200,MC-Sq-0,0,41
353,1,436066280,1332,5,f3041,ff106200,idle_thread,0,41
354,3,436067640,695,0,1,f7fc6200,ulsched C3,0,41
355,3,436069752,786,5,f2085,f7fc6200,ulsched C3,0,41
356,3,436073156,919,5,f4085,f7fc6200,ulsched C3,0,41
357,1,436074127,791,0,1,f7ce7200,MC-Sq-0,0,41
358,3,436074979,1662,5,2a041,f7feee00,IDLE3,0,41
359,1,436076660,32724,1,82c,f7ce7200,MC-Sq-0,0,61
360,0,436109413,1008,0,1,f7fc2200,time server,0,61
361,1,436110446,42199,1,82c,f7ce7200,MC-Sq-0,0,57
362,0,436152667,1926,5,42,f7fc7600,IDLE0,0,57
363,1,436154605,163,1,84f,f7ce7200,MC-Sq-0,0,725
364,3,436154796,884,0,1,f7fc6200,ulsched C3,0,725
365,1,436155705,40324,1,80c,f7ce7200,MC-Sq-0,0,77
366,3,436196054,2084,5,2a041,f7feee00,IDLE3,0,77
367,0,436198152,698,0,1,f7fc2200,time server,0,77
368,0,436200501,1377,5,42,f7fc7600,IDLE0,0,77
369,3,436201899,774,0,1,f7fc6200,ulsched C3,0,77
370,3,436203130,973,5,47,f7feee00,IDLE3,0,77
371,1,436243970,264,1,82c,f7ce7200,MC-Sq-0,0,41
372,1,436244588,1101,5,f3041,ff106200,idle_thread,0,41
373,2,436245715,715,0,1,f7fc4e00,ulsched C2,0,41
374,2,436247774,709,5,f2085,f7fc4e00,ulsched C2,0,41
375,2,436251089,914,5,f4085,f7fc4e00,ulsched C2,0,41
376,1,436252030,717,0,1,f7ce7200,MC-Sq-0,0,41
377,1,436253094,34755,1,82c,f7ce7200,MC-Sq-0,0,61
378,2,436287874,1774,5,2a041,f7fc7e00,IDLE2,0,61
379,1,436289667,41411,1,82c,f7ce7200,MC-Sq-0,0,57
380,0,436331104,1031,0,1,f7fc2200,time server,0,57
381,1,436332162,162,1,84f,f7ce7200,MC-Sq-0,0,725
382,1,436332786,41731,1,80c,f7ce7200,MC-Sq-0,0,77
383,0,436374542,1363,5,42,f7fc7600,IDLE0,0,77
384,2,436375931,760,0,1,f7fc4e00,ulsched C2,0,77
385,2,436383699,1618,5,2a041,f7fc7e00,IDLE2,0,77
386,0,436385338,673,0,1,f7fc2200,time server,0,77
387,0,436387540,1373,5,42,f7fc7600,IDLE0,0,77
388,2,436388932,738,0,1,f7fc4e00,ulsched C2,0,77
389,2,436390114,963,5,47,f7fc7e00,IDLE2,0,77
390,1,436422419,245,1,82c,f7ce7200,MC-Sq-0,0,41
391,1,436423009,1079,5,f3041,ff106200,idle_thread,0,41
392,2,436424116,712,0,1,f7fc4e00,ulsched C2,0,41
393,2,436426052,725,5,f2085,f7fc4e00,ulsched C2,0,41
394,2,436427429,739,5,f4085,f7fc4e00,ulsched C2,0,41
395,1,436428227,690,0,1,f7ce7200,MC-Sq-0,0,41
396,2,436429103,1394,5,2a041,f7fc7e00,IDLE2,0,41
397,1,436430521,35718,1,82c,f7ce7200,MC-Sq-0,0,61
398,0,436466269,674,0,1,f7fc2200,time server,0,61
399,1,436466970,42563,1,82c,f7ce7200,MC-Sq-0,0,57
400,0,436509555,1343,5,42,f7fc7600,IDLE0,0,57
401,1,436510915,160,1,84f,f7ce7200,MC-Sq-0,0,725
402,2,436511103,717,0,1,f7fc4e00,ulsched C2,0,725
403,1,436511842,40997,1,80c,f7ce7200,MC-Sq-0,0,77
404,2,436552866,1368,5,2a041,f7fc7e00,IDLE2,0,77
405,0,436554248,673,0,1,f7fc2200,time server,0,77
406,0,436556426,1331,5,42,f7fc7600,IDLE0,0,77
407,2,436557786,733,0,1,f7fc4e00,ulsched C2,0,77
408,2,436558875,924,5,47,f7fc7e00,IDLE2,0,77
409,1,436600714,242,1,82c,f7ce7200,MC-Sq-0,0,41
410,1,436601297,1227,5,f3041,f7fc3a00,ulsched C1,0,41
411,1,436603852,693,5,f2085,f7fc3a00,ulsched C1,0,41
412,1,436605355,1147,5,f4085,f7fc3a00,ulsched C1,0,41
413,1,436607610,1447,5,2a041,f7ce7200,MC-Sq-0,0,41
414,0,436609083,960,0,1,f7fc2200,time server,0,41
415,1,436610067,34349,1,82c,f7ce7200,MC-Sq-0,0,61
416,0,436644441,1268,5,42,f7fc7600,IDLE0,0,61
417,1,436645736,42083,1,82c,f7ce7200,MC-Sq-0,0,57
418,1,436688785,833,0,1,f7fc3a00,ulsched C1,0,57
419,1,436692197,1404,5,2a041,f7ce7200,MC-Sq-0,0,57
420,0,436693612,661,0,1,f7fc2200,time server,0,57
421,1,436694297,204,1,84f,f7ce7200,MC-Sq-0,0,725
422,1,436694981,36058,1,80c,f7ce7200,MC-Sq-0,0,77
423,0,436731064,1295,5,42,f7fc7600,IDLE0,0,77
424,1,436732383,770,0,1,f7fc3a00,ulsched C1,0,77
425,1,436733544,957,5,47,f7ce7200,MC-Sq-0,0,77
426,1,436781574,261,1,82c,f7ce7200,MC-Sq-0,0,41
427,1,436782201,1227,5,f3041,ff106200,idle_thread,0,41
428,3,436783451,709,0,1,f7fc6200,ulsched C3,0,41
429,3,436785413,627,5,f2085,f7fc6200,ulsched C3,0,41
430,3,436786755,807,5,f4085,f7fc6200,ulsched C3,0,41
431,1,436787608,797,0,1,f7ce7200,MC-Sq-0,0,41
432,3,436788589,1470,5,2a041,f7feee00,IDLE3,0,41
433,1,436790083,35297,1,82c,f7ce7200,MC-Sq-0,0,61
434,0,436825409,1022,0,1,f7fc2200,time server,0,61
435,1,436826456,42249,1,82c,f7ce7200,MC-Sq-0,0,57
436,0,436868726,1322,5,42,f7fc7600,IDLE0,0,57
437,1,436870065,160,1,84f,f7ce7200,MC-Sq-0,0,725
438,3,436870254,742,0,1,f7fc6200,ulsched C3,0,725
439,1,436871023,40986,1,80c,f7ce7200,MC-Sq-0,0,77
440,3,436912034,1466,5,2a041,f7feee00,IDLE3,0,77
441,0,436913521,691,0,1,f7fc2200,time server,0,77
442,0,436915822,1322,5,42,f7fc7600,IDLE0,0,77
443,3,436917170,682,0,1,f7fc6200,ulsched C3,0,77
444,3,436918215,928,5,47,f7feee00,IDLE3,0,77
445,1,436959904,238,1,82c,f7ce7200,MC-Sq-0,0,41
446,1,436960456,1081,5,f3041,ff106200,idle_thread,0,41
447,2,436961562,698,0,1,f7fc4e00,ulsched C2,0,41
448,2,436963334,649,5,f2085,f7fc4e00,ulsched C2,0,41
449,2,436964685,732,5,f4085,f7fc4e00,ulsched C2,0,41
450,1,436965480,748,0,1,f7ce7200,MC-Sq-0,0,41
451,2,436966343,1339,5,2a041,f7fc7e00,IDLE2,0,41
452,1,436967706,35846,1,82c,f7ce7200,MC-Sq-0,0,61
453,0,437003580,690,0,1,f7fc2200,time server,0,61
454,1,437004294,42462,1,82c,f7ce7200,MC-Sq-0,0,57
455,0,437046779,1311,5,42,f7fc7600,IDLE0,0,57
456,1,437048107,161,1,84f,f7ce7200,MC-Sq-0,0,725
457,2,437048296,702,0,1,f7fc4e00,ulsched C2,0,725
458,1,437049026,41132,1,80c,f7ce7200,MC-Sq-0,0,77
459,2,437090184,1342,5,2a041,f7fc7e00,IDLE2,0,77
460,0,437091544,669,0,1,f7fc2200,time server,0,77
461,0,437093707,1311,5,42,f7fc7600,IDLE0,0,77
462,2,437095042,1041,0,1,f7fc4e00,ulsched C2,0,77
463,2,437096452,854,5,47,f7fc7e00,IDLE2,0,77
464,1,437138027,248,1,82c,f7ce7200,MC-Sq-0,0,41
465,1,437138578,1194,5,f3041,f7fc3a00,ulsched C1,0,41
466,1,437140889,653,5,f2085,f7fc3a00,ulsched C1,0,41
467,1,437142252,1027,5,f4085,f7fc3a00,ulsched C1,0,41
468,1,437144240,1356,5,2a041,f7ce7200,MC-Sq-0,0,41
469,0,437145622,669,0,1,f7fc2200,time server,0,41
470,1,437146316,35331,1,82c,f7ce7200,MC-Sq-0,0,61
471,0,437181666,1302,5,42,f7fc7600,IDLE0,0,61
472,1,437182985,41965,1,82c,f7ce7200,MC-Sq-0,0,57
473,1,437225174,805,0,1,f7fc3a00,ulsched C1,0,57
474,1,437228306,1520,5,2a041,f7ce7200,MC-Sq-0,0,57
475,0,437229851,664,0,1,f7fc2200,time server,0,57
476,1,437230538,165,1,84f,f7ce7200,MC-Sq-0,0,725
477,1,437231233,37142,1,80c,f7ce7200,MC-Sq-0,0,77
478,0,437268399,1668,5,42,f7fc7600,IDLE0,0,77
479,1,437270095,775,0,1,f7fc3a00,ulsched C1,0,77
480,1,437271264,919,5,47,f7ce7200,MC-Sq-0,0,77
481,1,437318877,247,1,82c,f7ce7200,MC-Sq-0,0,41
482,1,437319477,1185,5,f3041,ff106200,idle_thread,0,41
483,3,437320688,725,0,1,f7fc6200,ulsched C3,0,41
484,3,437322449,641,5,f2085,f7fc6200,ulsched C3,0,41
485,3,437323825,746,5,f4085,f7fc6200,ulsched C3,0,41
486,1,437324623,699,0,1,f7ce7200,MC-Sq-0,0,41
487,3,437325426,1332,5,2a041,f7feee00,IDLE3,0,41
488,1,437326781,35843,1,82c,f7ce7200,MC-Sq-0,0,61
489,0,437362650,667,0,1,f7fc2200,time server,0,61
490,1,437363339,42551,1,82c,f7ce7200,MC-Sq-0,0,57
491,0,437405913,1328,5,42,f7fc7600,IDLE0,0,57
492,1,437407258,162,1,84f,f7ce7200,MC-Sq-0,0,725
493,3,437407446,750,0,1,f7fc6200,ulsched C3,0,725
494,1,437408215,40993,1,80c,f7ce7200,MC-Sq-0,0,77
495,3,437449230,1346,5,2a041,f7feee00,IDLE3,0,77
496,0,437450596,683,0,1,f7fc2200,time server,0,77
497,0,437452836,1335,5,42,f7fc7600,IDLE0,0,77
498,3,437454192,1012,0,1,f7fc6200,ulsched C3,0,77
499,3,437455566,913,5,47,f7feee00,IDLE3,0,77
500,1,437497098,243,1,82c,f7ce7200,MC-Sq-0,0,41
501,1,437497657,1017,5,f3041,ff106200,idle_thread,0,41
502,2,437498700,694,0,1,f7fc4e00,ulsched C2,0,41
503,2,437500397,640,5,f2085,f7fc4e00,ulsched C2,0,41
504,2,437501688,742,5,f4085,f7fc4e00,ulsched C2,0,41
505,1,437502474,677,0,1,f7ce7200,MC-Sq-0,0,41
506,2,437503174,1241,5,2a041,f7fc7e00,IDLE2,0,41
507,1,437504440,36242,1,82c,f7ce7200,MC-Sq-0,0,61
508,0,437540711,876,0,1,f7fc2200,time server,0,61
509,1,437541611,42449,1,82c,f7ce7200,MC-Sq-0,0,57
510,0,437584086,1764,5,42,f7fc7600,IDLE0,0,57
511,1,437585869,160,1,84f,f7ce7200,MC-Sq-0,0,725
512,2,437586057,741,0,1,f7fc4e00,ulsched C2,0,725
513,1,437586823,40594,1,80c,f7ce7200,MC-Sq-0,0,77
514,2,437627439,1521,5,2a041,f7fc7e00,IDLE2,0,77
515,0,437628985,662,0,1,f7fc2200,time server,0,77
516,0,437631200,1299,5,42,f7fc7600,IDLE0,0,77
517,2,437632525,658,0,1,f7fc4e00,ulsched C2,0,77
518,2,437633560,874,5,47,f7fc7e00,IDLE2,0,77
519,1,437675329,234,1,82c,f7ce7200,MC-Sq-0,0,41
520,1,437675869,1041,5,f3041,ff106200,idle_thread,0,41
521,3,437676936,679,0,1,f7fc6200,ulsched C3,0,41
522,3,437678660,604,5,f2085,f7fc6200,ulsched C3,0,41
523,3,437679862,710,5,f4085,f7fc6200,ulsched C3,0,41
524,1,437680639,673,0,1,f7ce7200,MC-Sq-0,0,41
525,3,437681429,1292,5,2a041,f7feee00,IDLE3,0,41
526,1,437682745,36244,1,82c,f7ce7200,MC-Sq-0,0,61
527,0,437719017,1015,0,1,f7fc2200,time server,0,61
528,1,437720056,42160,1,82c,f7ce7200,MC-Sq-0,0,57
529,0,437762238,1304,5,42,f7fc7600,IDLE0,0,57
530,1,437763558,161,1,84f,f7ce7200,MC-Sq-0,0,725
531,3,437763745,732,0,1,f7fc6200,ulsched C3,0,725
532,1,437764497,41128,1,80c,f7ce7200,MC-Sq-0,0,77
533,3,437805650,1308,5,2a041,f7feee00,IDLE3,0,77
534,0,437806979,648,0,1,f7fc2200,time server,0,77
535,0,437809126,1307,5,42,f7fc7600,IDLE0,0,77
536,3,437810464,993,0,1,f7fc6200,ulsched C3,0,77
537,3,437811813,832,5,47,f7feee00,IDLE3,0,77
538,1,437853502,232,1,82c,f7ce7200,MC-Sq-0,0,41
539,1,437854046,1060,5,f3041,ff106200,idle_thread,0,41
540,0,437855132,682,0,1,f7fc2600,ulsched C0,0,41
541,0,437857242,699,5,f2085,f7fc2600,ulsched C0,0,41
542,0,437858681,777,5,f4085,f7fc2600,ulsched C0,0,41
543,1,437859490,686,0,1,f7ce7200,MC-Sq-0,0,41
544,1,437860503,36535,1,82c,f7ce7200,MC-Sq-0,0,61
545,0,437897063,1460,5,2a041,f7fc2200,time server,0,61
546,1,437898544,41805,1,82c,f7ce7200,MC-Sq-0,0,57
547,0,437940373,1367,5,42,f7fc2600,ulsched C0,0,57
548,1,437941753,156,1,84f,f7ce7200,MC-Sq-0,0,725
549,1,437942308,41397,1,80c,f7ce7200,MC-Sq-0,0,77
550,0,437983731,1550,5,2a041,f7fc2200,time server,0,77
551,0,437987122,1306,5,42,f7fc2600,ulsched C0,0,77
552,0,437988831,900,5,47,f7fc7600,IDLE0,0,77
553,1,438031594,227,1,82c,f7ce7200,MC-Sq-0,0,41
554,1,438032183,1192,5,f3041,f7fc3a00,ulsched C1,0,41
555,1,438034472,666,5,f2085,f7fc3a00,ulsched C1,0,41
556,1,438035851,666,5,204e1,f7fc3a00,ulsched C1,0,41
557,1,438036997,1209,5,1f4e1,f7fc3a00,ulsched C1,0,41
558,1,438038762,656,5,f4085,f7fc3a00,ulsched C1,0,41
559,1,438040947,1459,5,2a041,f7fc4200,C1T1,0,41
560,0,438042432,941,0,1,f7fc2200,time server,0,41
561,1,438043398,31922,1,81c,f7fc4200,C1T1,0,64
562,0,438075342,1881,5,42,f7fc7600,IDLE0,0,64
563,1,438077240,41409,1,82c,f7fc4200,C1T1,0,44
564,1,438118845,819,0,1,f7fc3a00,ulsched C1,0,44
565,1,438122501,1421,5,2a041,f7fc4200,C1T1,0,44
566,0,438123945,699,0,1,f7fc2200,time server,0,44
567,1,438124666,821,5,f0041,ff106200,idle_thread,0,44
568,0,438126247,1399,5,42,f7fc7600,IDLE0,0,44
569,1,438127675,786,0,1,f7fc3a00,ulsched C1,0,44
570,1,438128931,698,5,47,f7fc3a00,ulsched C1,0,44
571,1,438131082,205,1,84f,f7fc3a00,ulsched C1,0,725
572,1,438132251,713,5,204e1,f7fc3a00,ulsched C1,0,725
573,1,438133444,1270,5,1f4e1,f7fc3a00,ulsched C1,0,725
574,1,438135392,1405,5,2a041,f7ce7200,MC-Sq-0,0,725
575,0,438136823,747,0,1,f7fc2200,time server,0,725
576,1,438137592,24352,1,82c,f7ce7200,MC-Sq-0,0,61
577,0,438161966,1376,5,42,f7fc7600,IDLE0,0,61
578,1,438163359,41957,1,82c,f7ce7200,MC-Sq-0,0,57
579,1,438205544,766,0,1,f7fc3a00,ulsched C1,0,57
580,1,438208730,1482,5,2a041,f7ce7200,MC-Sq-0,0,57
581,0,438210230,706,0,1,f7fc2200,time server,0,57
582,1,438210960,178,1,84f,f7ce7200,MC-Sq-0,0,725
583,1,438211728,36876,1,80c,f7ce7200,MC-Sq-0,0,77
584,0,438248629,1315,5,42,f7fc7600,IDLE0,0,77
585,1,438249974,728,0,1,f7fc3a00,ulsched C1,0,77
586,1,438251176,929,5,47,f7ce7200,MC-Sq-0,0,77
587,1,438299164,268,1,82c,f7ce7200,MC-Sq-0,0,41
588,1,438299805,1242,5,f3041,f7fc3a00,ulsched C1,0,41
589,1,438302156,1187,5,f2085,f7fc3a00,ulsched C1,0,41
590,1,438304072,994,5,f4085,f7fc3a00,ulsched C1,0,41
591,1,438306030,1339,5,2a041,f7ce7200,MC-Sq-0,0,41
592,0,438307403,1029,0,1,f7fc2200,time server,0,41
593,1,438308458,34315,1,82c,f7ce7200,MC-Sq-0,0,61
594,0,438342795,1705,5,42,f7fc7600,IDLE0,0,61
595,1,438344518,41677,1,82c,f7ce7200,MC-Sq-0,0,57
596,1,438386388,772,0,1,f7fc3a00,ulsched C1,0,57
597,1,438389425,1485,5,2a041,f7ce7200,MC-Sq-0,0,57
598,0,438390931,670,0,1,f7fc2200,time server,0,57
599,1,438391625,183,1,84f,f7ce7200,MC-Sq-0,0,725
600,1,438392334,37119,1,80c,f7ce7200,MC-Sq-0,0,77
601,0,438429478,1305,5,42,f7fc7600,IDLE0,0,77
602,1,438430804,707,0,1,f7fc3a00,ulsched C1,0,77
603,1,438431922,878,5,47,f7ce7200,MC-Sq-0,0,77
604,1,438479829,273,1,82c,f7ce7200,MC-Sq-0,0,41
605,1,438480437,1378,5,f3041,f7fc3a00,ulsched C1,0,41
606,1,438482899,676,5,f2085,f7fc3a00,ulsched C1,0,41
607,1,438484254,647,5,204e1,f7fc3a00,ulsched C1,0,41
608,1,438485349,1165,5,1f4e1,f7fc3a00,ulsched C1,0,41
609,1,438487095,580,5,f4085,f7fc3a00,ulsched C1,0,41
610,1,438489308,1401,5,2a041,f7fc4200,C1T1,0,41
611,0,438490728,660,0,1,f7fc2200,time server,0,41
612,1,438491413,31991,1,81c,f7fc4200,C1T1,0,64
613,0,438523425,1315,5,42,f7fc7600,IDLE0,0,64
614,1,438524755,41958,1,82c,f7fc4200,C1T1,0,44
615,1,438566892,830,0,1,f7fc3a00,ulsched C1,0,44
616,1,438570048,1431,5,2a041,f7fc4200,C1T1,0,44
617,0,438571498,688,0,1,f7fc2200,time server,0,44
618,1,438572209,985,5,f0041,f7fc3e00,C1T0,0,44
619,1,438573591,36485,1,81c,f7fc3e00,C1T0,0,64
620,0,438610104,1265,5,42,f7fc7600,IDLE0,0,64
621,1,438611387,41948,1,82c,f7fc3e00,C1T0,0,44
622,1,438654021,784,0,1,f7fc3a00,ulsched C1,0,44
623,1,438655210,655,5,47,f7fc3a00,ulsched C1,0,44
624,1,438657360,189,1,84f,f7fc3a00,ulsched C1,0,725
625,1,438658441,806,5,204e1,f7fc3a00,ulsched C1,0,725
626,1,438659824,1206,5,1f4e1,f7fc3a00,ulsched C1,0,725
627,1,438661681,1380,5,2a041,f7ce7200,MC-Sq-0,0,725
628,0,438663087,716,0,1,f7fc2200,time server,0,725
629,1,438663827,32916,1,82c,f7ce7200,MC-Sq-0,0,61
630,0,438696768,1690,5,42,f7fc7600,IDLE0,0,61
631,1,438698475,41542,1,82c,f7ce7200,MC-Sq-0,0,57
632,1,438740229,789,0,1,f7fc3a00,ulsched C1,0,57
633,1,438743384,1439,5,2a041,f7ce7200,MC-Sq-0,0,57
634,0,438744837,1014,0,1,f7fc2200,time server,0,57
635,1,438745877,178,1,84f,f7ce7200,MC-Sq-0,0,725
636,1,438746604,36731,1,80c,f7ce7200,MC-Sq-0,0,77
637,0,438783361,1341,5,42,f7fc7600,IDLE0,0,77
638,1,438784724,729,0,1,f7fc3a00,ulsched C1,0,77
639,1,438785849,920,5,47,f7ce7200,MC-Sq-0,0,77
640,1,438833806,242,1,82c,f7ce7200,MC-Sq-0,0,41
641,1,438834398,1317,5,f3041,f7fc3a00,ulsched C1,0,41
642,1,438836847,708,5,f2085,f7fc3a00,ulsched C1,0,41
643,1,438838246,658,5,204e1,f7fc3a00,ulsched C1,0,41
644,1,438839358,1139,5,1f4e1,f7fc3a00,ulsched C1,0,41
645,1,438841059,645,5,f4085,f7fc3a00,ulsched C1,0,41
646,1,438843015,1439,5,2a041,f7fc4200,C1T1,0,41
647,0,438844480,970,0,1,f7fc2200,time server,0,41
648,1,438845556,32127,1,81c,f7fc4200,C1T1,0,64
649,0,438877705,1317,5,42,f7fc7600,IDLE0,0,64
650,1,438879039,41956,1,82c,f7fc4200,C1T1,0,44
651,1,438921192,856,0,1,f7fc3a00,ulsched C1,0,44
652,1,438924356,1409,5,2a041,f7fc4200,C1T1,0,44
653,0,438925790,676,0,1,f7fc2200,time server,0,44
654,1,438926488,969,5,f0041,f7fc3e00,C1T0,0,44
655,0,438927926,1305,5,42,f7fc7600,IDLE0,0,44
656,1,438929257,941,5,f0041,f7fc3a00,ulsched C1,0,44
657,1,438930429,553,0,1,f7fc3a00,ulsched C1,0,44
658,1,438931409,749,5,47,f7fc3a00,ulsched C1,0,44
659,1,438933665,204,1,84f,f7fc3a00,ulsched C1,0,725
660,1,438934740,742,5,204e1,f7fc3a00,ulsched C1,0,725
661,1,438935890,1219,5,1f4e1,f7fc3a00,ulsched C1,0,725
662,1,438937733,1425,5,2a041,f7ce7200,MC-Sq-0,0,725
663,0,438939171,697,0,1,f7fc2200,time server,0,725
664,1,438939893,24344,1,82c,f7ce7200,MC-Sq-0,0,61
665,0,438964259,1291,5,42,f7fc7600,IDLE0,0,61
666,1,438965566,42093,1,82c,f7ce7200,MC-Sq-0,0,57
667,1,439007849,740,0,1,f7fc3a00,ulsched C1,0,57
668,1,439010978,1505,5,2a041,f7ce7200,MC-Sq-0,0,57
669,0,439012505,666,0,1,f7fc2200,time server,0,57
670,1,439013195,181,1,84f,f7ce7200,MC-Sq-0,0,725
671,1,439013951,36976,1,80c,f7ce7200,MC-Sq-0,0,77
672,0,439050955,1286,5,42,f7fc7600,IDLE0,0,77
673,1,439052267,749,0,1,f7fc3a00,ulsched C1,0,77
674,1,439053410,732,5,47,f7fc3a00,ulsched C1,0,77
675,1,439055389,188,1,84f,f7fc3a00,ulsched C1,0,725
676,1,439056455,1355,5,2a041,f7ce7200,MC-Sq-0,0,725
677,0,439057836,666,0,1,f7fc2200,time server,0,725
678,0,439059808,1426,5,42,f7fc7600,IDLE0,0,725
679,1,439061254,788,0,1,f7fc3a00,ulsched C1,0,725
680,1,439064246,1338,5,2a041,f7ce7200,MC-Sq-0,0,725
681,0,439065605,704,0,1,f7fc2200,time server,0,725
682,0,439069171,1312,5,42,f7fc7600,IDLE0,0,725
683,1,439070498,658,0,1,f7fc3a00,ulsched C1,0,725
684,1,439071537,902,5,47,f7ce7200,MC-Sq-0,0,725
685,1,439111956,266,1,82c,f7ce7200,MC-Sq-0,0,41
686,1,439112580,1228,5,f3041,f7fc3a00,ulsched C1,0,41
687,1,439115012,686,5,f2085,f7fc3a00,ulsched C1,0,41
688,1,439116377,682,5,204e1,f7fc3a00,ulsched C1,0,41
689,1,439117484,1201,5,1f4e1,f7fc3a00,ulsched C1,0,41
690,1,439119249,643,5,f4085,f7fc3a00,ulsched C1,0,41
691,1,439121082,1355,5,2a041,f7fc4200,C1T1,0,41
692,0,439122466,703,0,1,f7fc2200,time server,0,41
693,1,439123191,32516,1,81c,f7fc4200,C1T1,0,64
694,0,439155729,1326,5,42,f7fc7600,IDLE0,0,64
695,1,439157074,41941,1,82c,f7fc4200,C1T1,0,44
696,1,439199217,797,0,1,f7fc3a00,ulsched C1,0,44
697,1,439202348,1454,5,2a041,f7fc4200,C1T1,0,44
698,0,439203818,691,0,1,f7fc2200,time server,0,44
699,1,439204534,851,5,f0041,ff106200,idle_thread,0,44
700,0,439206077,1342,5,42,f7fc7600,IDLE0,0,44
701,1,439207440,716,0,1,f7fc3a00,ulsched C1,0,44
702,1,439208578,670,5,47,f7fc3a00,ulsched C1,0,44
703,1,439210658,216,1,84f,f7fc3a00,ulsched C1,0,725
704,1,439211793,729,5,204e1,f7fc3a00,ulsched C1,0,725
705,1,439212955,1183,5,1f4e1,f7fc3a00,ulsched C1,0,725
706,1,439214773,1393,5,2a041,f7ce7200,MC-Sq-0,0,725
707,0,439216187,694,0,1,f7fc2200,time server,0,725
708,1,439216906,25502,1,82c,f7ce7200,MC-Sq-0,0,61
709,0,439242431,1333,5,42,f7fc7600,IDLE0,0,61
710,1,439243782,41950,1,82c,f7ce7200,MC-Sq-0,0,57
711,1,439285930,783,0,1,f7fc3a00,ulsched C1,0,57
712,1,439288993,1490,5,2a041,f7ce7200,MC-Sq-0,0,57
713,0,439290504,721,0,1,f7fc2200,time server,0,57
714,1,439291252,162,1,84f,f7ce7200,MC-Sq-0,0,725
715,1,439291964,37005,1,80c,f7ce7200,MC-Sq-0,0,77
716,0,439328995,1312,5,42,f7fc7600,IDLE0,0,77
717,1,439330328,724,0,1,f7fc3a00,ulsched C1,0,77
718,1,439331437,863,5,47,f7ce7200,MC-Sq-0,0,77
719,1,439379330,267,1,82c,f7ce7200,MC-Sq-0,0,41
720,1,439379935,1246,5,f3041,f7fc3a00,ulsched C1,0,41
721,1,439382337,1153,5,f2085,f7fc3a00,ulsched C1,0,41
722,1,439384213,970,5,f4085,f7fc3a00,ulsched C1,0,41
723,1,439386118,1298,5,2a041,f7ce7200,MC-Sq-0,0,41
724,0,439387441,688,0,1,f7fc2200,time server,0,41
725,1,439388156,34807,1,82c,f7ce7200,MC-Sq-0,0,61
726,0,439422987,1732,5,42,f7fc7600,IDLE0,0,61
727,1,439424747,41536,1,82c,f7ce7200,MC-Sq-0,0,57
728,1,439466478,729,0,1,f7fc3a00,ulsched C1,0,57
729,1,439469467,1365,5,2a041,f7ce7200,MC-Sq-0,0,57
730,0,439470858,666,0,1,f7fc2200,time server,0,57
731,1,439471548,164,1,84f,f7ce7200,MC-Sq-0,0,725
732,1,439472254,37354,1,80c,f7ce7200,MC-Sq-0,0,77
733,0,439509635,1325,5,42,f7fc7600,IDLE0,0,77
734,1,439510980,741,0,1,f7fc3a00,ulsched C1,0,77
735,1,439512150,898,5,47,f7ce7200,MC-Sq-0,0,77
736,1,439560041,257,1,82c,f7ce7200,MC-Sq-0,0,41
737,1,439560622,1259,5,f3041,f7fc3a00,ulsched C1,0,41
738,1,439562924,708,5,f2085,f7fc3a00,ulsched C1,0,41
739,1,439564314,679,5,204e1,f7fc3a00,ulsched C1,0,41
740,1,439565459,1145,5,1f4e1,f7fc3a00,ulsched C1,0,41
741,1,439567165,621,5,f4085,f7fc3a00,ulsched C1,0,41
742,1,439569427,1378,5,2a041,f7fc4200,C1T1,0,41
743,0,439570831,718,0,1,f7fc2200,time server,0,41
744,1,439571571,32266,1,81c,f7fc4200,C1T1,0,64
745,0,439603861,1320,5,42,f7fc7600,IDLE0,0,64
746,1,439605208,41938,1,82c,f7fc4200,C1T1,0,44
747,1,439647334,771,0,1,f7fc3a00,ulsched C1,0,44
748,1,439650358,1461,5,2a041,f7fc4200,C1T1,0,44
749,0,439651850,660,0,1,f7fc2200,time server,0,44
750,1,439652532,977,5,f0041,f7fc3e00,C1T0,0,44
751,1,439653908,36670,1,81c,f7fc3e00,C1T0,0,64
752,0,439690599,1304,5,42,f7fc7600,IDLE0,0,64
753,1,439691919,41947,1,82c,f7fc3e00,C1T0,0,44
754,1,439734558,743,0,1,f7fc3a00,ulsched C1,0,44
755,1,439735692,700,5,47,f7fc3a00,ulsched C1,0,44
756,1,439737917,225,1,84f,f7fc3a00,ulsched C1,0,725
757,1,439739016,749,5,204e1,f7fc3a00,ulsched C1,0,725
758,1,439740355,1232,5,1f4e1,f7fc3a00,ulsched C1,0,725
759,1,439742215,1468,5,2a041,f7ce7200,MC-Sq-0,0,725
760,0,439743698,1055,0,1,f7fc2200,time server,0,725
761,1,439744776,32341,1,82c,f7ce7200,MC-Sq-0,0,61
762,0,439777142,1687,5,42,f7fc7600,IDLE0,0,61
763,1,439778844,41674,1,82c,f7ce7200,MC-Sq-0,0,57
764,1,439820721,797,0,1,f7fc3a00,ulsched C1,0,57
765,1,439823890,1526,5,2a041,f7ce7200,MC-Sq-0,0,57
766,0,439825441,943,0,1,f7fc2200,time server,0,57
767,1,439826409,191,1,84f,f7ce7200,MC-Sq-0,0,725
768,1,439827114,36738,1,80c,f7ce7200,MC-Sq-0,0,77
769,0,439863877,1299,5,42,f7fc7600,IDLE0,0,77
770,1,439865206,742,0,1,f7fc3a00,ulsched C1,0,77
771,1,439866352,890,5,47,f7ce7200,MC-Sq-0,0,77
772,1,439914325,253,1,82c,f7ce7200,MC-Sq-0,0,41
773,1,439914930,1315,5,f3041,f7fc3a00,ulsched C1,0,41
774,1,439917385,720,5,f2085,f7fc3a00,ulsched C1,0,41
775,1,439918752,628,5,204e1,f7fc3a00,ulsched C1,0,41
776,1,439919808,1139,5,1f4e1,f7fc3a00,ulsched C1,0,41
777,1,439921519,658,5,f4085,f7fc3a00,ulsched C1,0,41
778,1,439923502,1428,5,2a041,f7fc4200,C1T1,0,41
779,0,439924956,953,0,1,f7fc2200,time server,0,41
780,1,439926364,31686,1,81c,f7fc4200,C1T1,0,64
781,0,439958073,1296,5,42,f7fc7600,IDLE0,0,64
782,1,439959387,41943,1,82c,f7fc4200,C1T1,0,44
783,1,440001529,759,0,1,f7fc3a00,ulsched C1,0,44
784,1,440004626,1441,5,2a041,f7fc4200,C1T1,0,44
785,0,440006079,647,0,1,f7fc2200,time server,0,44
786,1,440006756,980,5,f0041,f7fc3e00,C1T0,0,44
787,1,440008178,782,5,f0041,ff106200,idle_thread,0,44
788,0,440008985,1595,5,42,f7fc7600,IDLE0,0,44
789,1,440010599,752,0,1,f7fc3a00,ulsched C1,0,44
790,1,440011810,692,5,47,f7fc3a00,ulsched C1,0,44
791,1,440013983,214,1,84f,f7fc3a00,ulsched C1,0,725
792,1,440015103,763,5,204e1,f7fc3a00,ulsched C1,0,725
793,1,440016335,1133,5,1f4e1,f7fc3a00,ulsched C1,0,725
794,1,440018083,1339,5,2a041,f7ce7200,MC-Sq-0,0,725
795,0,440019450,672,0,1,f7fc2200,time server,0,725
796,1,440020148,24561,1,82c,f7ce7200,MC-Sq-0,0,61
797,0,440044734,1741,5,42,f7fc7600,IDLE0,0,61
798,1,440046492,41554,1,82c,f7ce7200,MC-Sq-0,0,57
799,1,440088254,805,0,1,f7fc3a00,ulsched C1,0,57
800,1,440091366,1438,5,2a041,f7ce7200,MC-Sq-0,0,57
801,0,440092825,653,0,1,f7fc2200,time server,0,57
802,1,440093503,173,1,84f,f7ce7200,MC-Sq-0,0,725
803,1,440094238,37130,1,80c,f7ce7200,MC-Sq-0,0,77
804,0,440131393,1320,5,42,f7fc7600,IDLE0,0,77
805,1,440132734,716,0,1,f7fc3a00,ulsched C1,0,77
806,1,440133878,783,5,47,f7fc3a00,ulsched C1,0,77
807,1,440135869,208,1,84f,f7fc3a00,ulsched C1,0,725
808,1,440136899,1471,5,2a041,f7ce7200,MC-Sq-0,0,725
809,0,440138396,669,0,1,f7fc2200,time server,0,725
810,0,440140342,1311,5,42,f7fc7600,IDLE0,0,725
811,1,440141680,748,0,1,f7fc3a00,ulsched C1,0,725
812,1,440144596,1345,5,2a041,f7ce7200,MC-Sq-0,0,725
813,0,440145960,678,0,1,f7fc2200,time server,0,725
814,0,440148072,1272,5,42,f7fc7600,IDLE0,0,725
815,1,440149373,697,0,1,f7fc3a00,ulsched C1,0,725
816,1,440150457,896,5,47,f7ce7200,MC-Sq-0,0,725
817,1,440192571,246,1,82c,f7ce7200,MC-Sq-0,0,41
818,1,440193225,1214,5,f3041,f7fc3a00,ulsched C1,0,41
819,1,440195639,715,5,f2085,f7fc3a00,ulsched C1,0,41
820,1,440196998,657,5,204e1,f7fc3a00,ulsched C1,0,41
821,1,440198130,1130,5,1f4e1,f7fc3a00,ulsched C1,0,41
822,1,440199803,612,5,f4085,f7fc3a00,ulsched C1,0,41
823,1,440201564,1351,5,2a041,f7fc4200,C1T1,0,41
824,0,440202945,684,0,1,f7fc2200,time server,0,41
825,1,440203652,32771,1,81c,f7fc4200,C1T1,0,64
826,0,440236445,1719,5,42,f7fc7600,IDLE0,0,64
827,1,440238182,41545,1,82c,f7fc4200,C1T1,0,44
828,1,440279919,839,0,1,f7fc3a00,ulsched C1,0,44
829,1,440282965,1424,5,2a041,f7fc4200,C1T1,0,44
830,0,440284403,684,0,1,f7fc2200,time server,0,44
831,1,440285499,787,5,f0041,ff106200,idle_thread,0,44
832,0,440286580,1342,5,42,f7fc7600,IDLE0,0,44
833,1,440287943,726,0,1,f7fc3a00,ulsched C1,0,44
834,1,440289073,696,5,47,f7fc3a00,ulsched C1,0,44
835,1,440291107,191,1,84f,f7fc3a00,ulsched C1,0,725
836,1,440292244,738,5,204e1,f7fc3a00,ulsched C1,0,725
837,1,440293468,1218,5,1f4e1,f7fc3a00,ulsched C1,0,725
838,1,440295291,1400,5,2a041,f7ce7200,MC-Sq-0,0,725
839,0,440296717,664,0,1,f7fc2200,time server,0,725
840,1,440297404,25732,1,82c,f7ce7200,MC-Sq-0,0,61
841,0,440323158,1359,5,42,f7fc7600,IDLE0,0,61
842,1,440324540,41812,1,82c,f7ce7200,MC-Sq-0,0,57
843,1,440366564,811,0,1,f7fc3a00,ulsched C1,0,57
844,1,440369670,1439,5,2a041,f7ce7200,MC-Sq-0,0,57
845,0,440371130,667,0,1,f7fc2200,time server,0,57
846,1,440371822,182,1,84f,f7ce7200,MC-Sq-0,0,725
847,1,440372577,37098,1,80c,f7ce7200,MC-Sq-0,0,77
848,0,440409701,1719,5,42,f7fc7600,IDLE0,0,77
849,1,440411440,719,0,1,f7fc3a00,ulsched C1,0,77
850,1,440412537,868,5,47,f7ce7200,MC-Sq-0,0,77
851,1,440460103,247,1,82c,f7ce7200,MC-Sq-0,0,41
852,1,440460682,1291,5,f3041,f7fc3a00,ulsched C1,0,41
853,1,440463156,1162,5,f2085,f7fc3a00,ulsched C1,0,41
854,1,440465077,997,5,f4085,f7fc3a00,ulsched C1,0,41
855,1,440467034,1367,5,2a041,f7ce7200,MC-Sq-0,0,41
856,0,440468427,678,0,1,f7fc2200,time server,0,41
857,1,440469128,34586,1,82c,f7ce7200,MC-Sq-0,0,61
858,0,440503741,1714,5,42,f7fc7600,IDLE0,0,61
859,1,440505470,41555,1,82c,f7ce7200,MC-Sq-0,0,57
860,1,440547218,764,0,1,f7fc3a00,ulsched C1,0,57
861,1,440550200,1420,5,2a041,f7ce7200,MC-Sq-0,0,57
862,0,440551646,1012,0,1,f7fc2200,time server,0,57
863,1,440552684,167,1,84f,f7ce7200,MC-Sq-0,0,725
864,1,440553370,36966,1,80c,f7ce7200,MC-Sq-0,0,77
865,0,440590361,1327,5,42,f7fc7600,IDLE0,0,77
866,1,440591714,746,0,1,f7fc3a00,ulsched C1,0,77
867,1,440592855,931,5,47,f7ce7200,MC-Sq-0,0,77
868,1,440640797,263,1,82c,f7ce7200,MC-Sq-0,0,41
869,1,440641402,1214,5,f3041,f7fc3a00,ulsched C1,0,41
870,1,440643664,666,5,f2085,f7fc3a00,ulsched C1,0,41
871,1,440645002,618,5,204e1,f7fc3a00,ulsched C1,0,41
872,1,440646071,1121,5,1f4e1,f7fc3a00,ulsched C1,0,41
873,1,440647738,574,5,f4085,f7fc3a00,ulsched C1,0,41
874,1,440649897,1454,5,2a041,f7fc4200,C1T1,0,41
875,0,440651368,681,0,1,f7fc2200,time server,0,41
876,1,440652075,32519,1,81c,f7fc4200,C1T1,0,64
877,0,440684614,1316,5,42,f7fc7600,IDLE0,0,64
878,1,440685956,41942,1,82c,f7fc4200,C1T1,0,44
879,1,440728462,836,0,1,f7fc3a00,ulsched C1,0,44
880,1,440731620,1398,5,2a041,f7fc4200,C1T1,0,44
881,0,440733030,676,0,1,f7fc2200,time server,0,44
882,1,440733730,953,5,f0041,f7fc3e00,C1T0,0,44
883,1,440735087,36144,1,81c,f7fc3e00,C1T0,0,64
884,0,440771252,1711,5,42,f7fc7600,IDLE0,0,64
885,1,440772987,41539,1,82c,f7fc3e00,C1T0,0,44
886,1,440815214,732,0,1,f7fc3a00,ulsched C1,0,44
887,1,440816349,742,5,47,f7fc3a00,ulsched C1,0,44
888,1,440818548,195,1,84f,f7fc3a00,ulsched C1,0,725
889,1,440819645,789,5,204e1,f7fc3a00,ulsched C1,0,725
890,1,440820912,1189,5,1f4e1,f7fc3a00,ulsched C1,0,725
891,1,440822757,1428,5,2a041,f7ce7200,MC-Sq-0,0,725
892,0,440824213,940,0,1,f7fc2200,time server,0,725
893,1,440825177,32755,1,82c,f7ce7200,MC-Sq-0,0,61
894,0,440857954,1723,5,42,f7fc7600,IDLE0,0,61
895,1,440859700,41550,1,82c,f7ce7200,MC-Sq-0,0,57
896,1,440901448,783,0,1,f7fc3a00,ulsched C1,0,57
897,1,440904541,1452,5,2a041,f7ce7200,MC-Sq-0,0,57
898,0,440906013,657,0,1,f7fc2200,time server,0,57
899,1,440906694,181,1,84f,f7ce7200,MC-Sq-0,0,725
900,1,440907433,37139,1,80c,f7ce7200,MC-Sq-0,0,77
901,0,440944597,1261,5,42,f7fc7600,IDLE0,0,77
902,1,440945876,748,0,1,f7fc3a00,ulsched C1,0,77
903,1,440947034,870,5,47,f7ce7200,MC-Sq-0,0,77
904,1,440994985,255,1,82c,f7ce7200,MC-Sq-0,0,41
905,1,440995593,1264,5,f3041,f7fc3a00,ulsched C1,0,41
906,1,440998033,675,5,f2085,f7fc3a00,ulsched C1,0,41
907,1,440999391,590,5,204e1,f7fc3a00,ulsched C1,0,41
908,1,441000418,1114,5,1f4e1,f7fc3a00,ulsched C1,0,41
909,1,441002156,657,5,f4085,f7fc3a00,ulsched C1,0,41
910,1,441004443,1404,5,2a041,f7fc4200,C1T1,0,41
911,0,441005870,693,0,1,f7fc2200,time server,0,41
912,1,441006586,32256,1,81c,f7fc4200,C1T1,0,64
913,0,441038863,1297,5,42,f7fc7600,IDLE0,0,64
914,1,441040179,41955,1,82c,f7fc4200,C1T1,0,44
915,1,441082335,834,0,1,f7fc3a00,ulsched C1,0,44
916,1,441085498,1460,5,2a041,f7fc4200,C1T1,0,44
917,0,441086971,671,0,1,f7fc2200,time server,0,44
918,1,441087665,981,5,f0041,f7fc3e00,C1T0,0,44
919,1,441089067,845,5,f0041,ff106200,idle_thread,0,44
920,0,441089936,1626,5,42,f7fc7600,IDLE0,0,44
921,1,441091583,718,0,1,f7fc3a00,ulsched C1,0,44
922,1,441092740,716,5,47,f7fc3a00,ulsched C1,0,44
923,1,441094949,213,1,84f,f7fc3a00,ulsched C1,0,725
924,1,441096050,711,5,204e1,f7fc3a00,ulsched C1,0,725
925,1,441097240,1225,5,1f4e1,f7fc3a00,ulsched C1,0,725
926,1,441099111,1439,5,2a041,f7ce7200,MC-Sq-0,0,725
927,0,441100571,710,0,1,f7fc2200,time server,0,725
928,1,441101305,24101,1,82c,f7ce7200,MC-Sq-0,0,61
929,0,441125431,1323,5,42,f7fc7600,IDLE0,0,61
930,1,441126774,41951,1,82c,f7ce7200,MC-Sq-0,0,57
931,1,441168951,785,0,1,f7fc3a00,ulsched C1,0,57
932,1,441172058,1454,5,2a041,f7ce7200,MC-Sq-0,0,57
933,0,441173530,681,0,1,f7fc2200,time server,0,57
934,1,441174235,185,1,84f,f7ce7200,MC-Sq-0,0,725
935,1,441174966,37138,1,80c,f7ce7200,MC-Sq-0,0,77
936,0,441212129,1295,5,42,f7fc7600,IDLE0,0,77
937,1,441213450,730,0,1,f7fc3a00,ulsched C1,0,77
938,1,441214574,716,5,47,f7fc3a00,ulsched C1,0,77
939,1,441216488,172,1,84f,f7fc3a00,ulsched C1,0,725
940,1,441217483,1443,5,2a041,f7ce7200,MC-Sq-0,0,725
941,0,441218950,676,0,1,f7fc2200,time server,0,725
942,0,441220883,1296,5,42,f7fc7600,IDLE0,0,725
943,1,441222199,708,0,1,f7fc3a00,ulsched C1,0,725
944,1,441225104,1339,5,2a041,f7ce7200,MC-Sq-0,0,725
945,0,441226468,666,0,1,f7fc2200,time server,0,725
946,0,441229784,1358,5,42,f7fc7600,IDLE0,0,725
947,1,441231161,679,0,1,f7fc3a00,ulsched C1,0,725
948,1,441232214,856,5,47,f7ce7200,MC-Sq-0,0,725
949,1,441273027,254,1,82c,f7ce7200,MC-Sq-0,0,41
950,1,441273650,1203,5,f3041,f7fc3a00,ulsched C1,0,41
951,1,441276018,675,5,f2085,f7fc3a00,ulsched C1,0,41
952,1,441277341,639,5,204e1,f7fc3a00,ulsched C1,0,41
953,1,441278447,1194,5,1f4e1,f7fc3a00,ulsched C1,0,41
954,1,441280201,637,5,f4085,f7fc3a00,ulsched C1,0,41
955,1,441281957,1415,5,2a041,f7fc4200,C1T1,0,41
956,0,441283397,692,0,1,f7fc2200,time server,0,41
957,1,441284114,32773,1,81c,f7fc4200,C1T1,0,64
958,0,441316910,1511,5,42,f7fc2200,time server,0,64
959,1,441318438,41814,1,82c,f7fc4200,C1T1,0,44
960,0,441360276,1359,5,42,f7fc7600,IDLE0,0,44
961,1,441361659,962,5,f0041,f7fc3a00,ulsched C1,0,44
962,1,441362869,619,0,1,f7fc3a00,ulsched C1,0,44
963,1,441365776,1279,5,2a041,ff106200,idle_thread,0,44
964,0,441367081,730,0,1,f7fc2200,time server,0,44
965,0,441369353,1421,5,42,f7fc7600,IDLE0,0,44
966,1,441370795,1053,0,1,f7fc3a00,ulsched C1,0,44
967,1,441372254,732,5,47,f7fc3a00,ulsched C1,0,44
968,1,441374356,200,1,84f,f7fc3a00,ulsched C1,0,725
969,1,441375443,751,5,204e1,f7fc3a00,ulsched C1,0,725
970,1,441376779,1151,5,1f4e1,f7fc3a00,ulsched C1,0,725
971,1,441378555,1423,5,2a041,f7ce7200,MC-Sq-0,0,725
972,0,441379991,748,0,1,f7fc2200,time server,0,725
973,1,441380763,22776,1,82c,f7ce7200,MC-Sq-0,0,61
974,0,441403565,1384,5,42,f7fc7600,IDLE0,0,61
975,1,441404967,41954,1,82c,f7ce7200,MC-Sq-0,0,57
976,1,441447128,747,0,1,f7fc3a00,ulsched C1,0,57
977,1,441450086,1498,5,2a041,f7ce7200,MC-Sq-0,0,57
978,0,441451600,1035,0,1,f7fc2200,time server,0,57
979,1,441452659,183,1,84f,f7ce7200,MC-Sq-0,0,725
980,1,441453383,36778,1,80c,f7ce7200,MC-Sq-0,0,77
981,0,441490188,1312,5,42,f7fc7600,IDLE0,0,77
982,1,441491518,698,0,1,f7fc3a00,ulsched C1,0,77
983,1,441492583,910,5,47,f7ce7200,MC-Sq-0,0,77
984,1,441540542,257,1,82c,f7ce7200,MC-Sq-0,0,41
985,1,441541140,1269,5,f3041,f7fc3a00,ulsched C1,0,41
986,1,441543591,1191,5,f2085,f7fc3a00,ulsched C1,0,41
987,1,441545502,962,5,f4085,f7fc3a00,ulsched C1,0,41
988,1,441547418,1359,5,2a041,f7ce7200,MC-Sq-0,0,41
989,0,441548803,717,0,1,f7fc2200,time server,0,41
990,1,441549544,34586,1,82c,f7ce7200,MC-Sq-0,0,61
991,0,441584153,1347,5,42,f7fc7600,IDLE0,0,61
992,1,441585515,41943,1,82c,f7ce7200,MC-Sq-0,0,57
993,1,441627671,755,0,1,f7fc3a00,ulsched C1,0,57
994,1,441630637,1490,5,2a041,f7ce7200,MC-Sq-0,0,57
995,0,441632162,678,0,1,f7fc2200,time server,0,57
996,1,441632862,154,1,84f,f7ce7200,MC-Sq-0,0,725
997,1,441633502,37320,1,80c,f7ce7200,MC-Sq-0,0,77
998,0,441670849,1732,5,42,f7fc7600,IDLE0,0,77
999,1,441672602,705,0,1,f7fc3a00,ulsched C1,0,77
1000,1,441673727,943,5,47,f7ce7200,MC-Sq-0,0,77
1001,1,441721243,255,1,82c,f7ce7200,MC-Sq-0,0,41
1002,1,441722090,1292,5,f3041,f7fc3a00,ulsched C1,0,41
1003,1,441724426,648,5,f2085,f7fc3a00,ulsched C1,0,41
1004,1,441725775,650,5,204e1,f7fc3a00,ulsched C1,0,41
1005,1,441726876,1127,5,1f4e1,f7fc3a00,ulsched C1,0,41
1006,1,441728562,655,5,f4085,f7fc3a00,ulsched C1,0,41
1007,1,441730522,1468,5,2a041,f7fc4200,C1T1,0,41
1008,0,441732014,990,0,1,f7fc2200,time server,0,41
1009,1,441733056,31996,1,81c,f7fc4200,C1T1,0,64
1010,0,441765071,1747,5,42,f7fc7600,IDLE0,0,64
1011,1,441766835,41533,1,82c,f7fc4200,C1T1,0,44
1012,1,441808564,815,0,1,f7fc3a00,ulsched C1,0,44
1013,1,441811739,1393,5,2a041,f7fc4200,C1T1,0,44
1014,0,441813158,991,0,1,f7fc2200,time server,0,44
1015,1,441814243,975,5,f0041,f7fc3e00,C1T0,0,44
1016,0,441815579,1343,5,42,f7fc7600,IDLE0,0,44
1017,1,441816945,34772,1,81c,f7fc3e00,C1T0,0,64
1018,1,441852432,762,0,1,f7fc3a00,ulsched C1,0,64
1019,1,441853549,714,5,47,f7fc3a00,ulsched C1,0,64
1020,1,441855804,202,1,84f,f7fc3a00,ulsched C1,0,725
1021,1,441856882,783,5,204e1,f7fc3a00,ulsched C1,0,725
1022,1,441858231,1267,5,1f4e1,f7fc3a00,ulsched C1,0,725
1023,1,441860124,1400,5,2a041,f7ce7200,MC-Sq-0,0,725
1024,0,441861551,970,0,1,f7fc2200,time server,0,725
1025,1,441862546,32504,1,82c,f7ce7200,MC-Sq-0,0,61
1026,0,441895074,1693,5,42,f7fc7600,IDLE0,0,61
1027,1,441896794,41545,1,82c,f7ce7200,MC-Sq-0,0,57
1028,1,441938558,752,0,1,f7fc3a00,ulsched C1,0,57
1029,1,441941601,1400,5,2a041,f7ce7200,MC-Sq-0,0,57
1030,0,441943022,677,0,1,f7fc2200,time server,0,57
1031,1,441943723,187,1,84f,f7ce7200,MC-Sq-0,0,725
1032,1,441944451,37251,1,80c,f7ce7200,MC-Sq-0,0,77
1033,0,441981725,1328,5,42,f7fc7600,IDLE0,0,77
1034,1,441983082,729,0,1,f7fc3a00,ulsched C1,0,77
1035,1,441984205,897,5,47,f7ce7200,MC-Sq-0,0,77
1036,1,442032137,256,1,82c,f7ce7200,MC-Sq-0,0,41
1037,1,442032730,1243,5,f3041,f7fc3a00,ulsched C1,0,41
1038,1,442035146,674,5,f2085,f7fc3a00,ulsched C1,0,41
1039,1,442036460,613,5,204e1,f7fc3a00,ulsched C1,0,41
1040,1,442037518,1169,5,1f4e1,f7fc3a00,ulsched C1,0,41
1041,1,442039258,616,5,f4085,f7fc3a00,ulsched C1,0,41
1042,1,442041518,1352,5,2a041,f7fc4200,C1T1,0,41
1043,0,442042893,689,0,1,f7fc2200,time server,0,41
1044,1,442043605,32267,1,81c,f7fc4200,C1T1,0,64
1045,0,442075896,1330,5,42,f7fc7600,IDLE0,0,64
1046,1,442077243,41953,1,82c,f7fc4200,C1T1,0,44
1047,1,442119407,836,0,1,f7fc3a00,ulsched C1,0,44
1048,1,442122511,1398,5,2a041,f7fc4200,C1T1,0,44
1049,0,442123928,666,0,1,f7fc2200,time server,0,44
1050,1,442124619,1003,5,f0041,f7fc3e00,C1T0,0,44
1051,1,442126017,36489,1,82c,f7fc3e00,C1T0,0,44
1052,0,442162534,1709,5,42,f7fc7600,IDLE0,0,44
1053,1,442164265,916,5,f0041,f7fc3a00,ulsched C1,0,44
1054,1,442165394,527,0,1,f7fc3a00,ulsched C1,0,44
1055,1,442166332,732,5,47,f7fc3a00,ulsched C1,0,44
1056,1,442168520,210,1,84f,f7fc3a00,ulsched C1,0,725
1057,1,442169610,731,5,204e1,f7fc3a00,ulsched C1,0,725
1058,1,442170928,1265,5,1f4e1,f7fc3a00,ulsched C1,0,725
1059,1,442172833,1433,5,2a041,f7ce7200,MC-Sq-0,0,725
1060,0,442174287,686,0,1,f7fc2200,time server,0,725
1061,1,442175000,30802,1,82c,f7ce7200,MC-Sq-0,0,61
1062,0,442205824,1323,5,42,f7fc7600,IDLE0,0,61
1063,1,442207166,42092,1,82c,f7ce7200,MC-Sq-0,0,57
1064,1,442249470,763,0,1,f7fc3a00,ulsched C1,0,57
1065,1,442252590,1443,5,2a041,f7ce7200,MC-Sq-0,0,57
1066,0,442254048,716,0,1,f7fc2200,time server,0,57
1067,1,442254790,159,1,84f,f7ce7200,MC-Sq-0,0,725
1068,1,442255506,36994,1,80c,f7ce7200,MC-Sq-0,0,77
1069,0,442292527,1295,5,42,f7fc7600,IDLE0,0,77
1070,1,442293843,732,0,1,f7fc3a00,ulsched C1,0,77
1071,1,442294937,724,5,47,f7fc3a00,ulsched C1,0,77
1072,1,442296844,171,1,84f,f7fc3a00,ulsched C1,0,725
1073,1,442297824,1494,5,2a041,f7ce7200,MC-Sq-0,0,725
1074,0,442299344,945,0,1,f7fc2200,time server,0,725
1075,0,442301561,1327,5,42,f7fc7600,IDLE0,0,725
1076,1,442302908,730,0,1,f7fc3a00,ulsched C1,0,725
1077,1,442305823,1380,5,2a041,f7ce7200,MC-Sq-0,0,725
1078,0,442307223,672,0,1,f7fc2200,time server,0,725
1079,0,442309308,1306,5,42,f7fc7600,IDLE0,0,725
1080,1,442310635,657,0,1,f7fc3a00,ulsched C1,0,725
1081,1,442311689,869,5,47,f7ce7200,MC-Sq-0,0,725
1082,1,442353404,242,1,82c,f7ce7200,MC-Sq-0,0,41
1083,1,442353990,1190,5,f3041,f7fc3a00,ulsched C1,0,41
1084,1,442356370,681,5,f2085,f7fc3a00,ulsched C1,0,41
1085,1,442357766,651,5,204e1,f7fc3a00,ulsched C1,0,41
1086,1,442358863,1178,5,1f4e1,f7fc3a00,ulsched C1,0,41
1087,1,442360576,656,5,f4085,f7fc3a00,ulsched C1,0,41
1088,1,442362326,1353,5,2a041,f7fc4200,C1T1,0,41
1089,0,442363699,729,0,1,f7fc2200,time server,0,41
1090,1,442364455,32587,1,81c,f7fc4200,C1T1,0,64
1091,0,442397069,1336,5,42,f7fc7600,IDLE0,0,64
1092,1,442398429,41947,1,82c,f7fc4200,C1T1,0,44
1093,1,442440577,833,0,1,f7fc3a00,ulsched C1,0,44
1094,1,442443672,1466,5,2a041,f7fc4200,C1T1,0,44
1095,0,442445156,687,0,1,f7fc2200,time server,0,44
1096,1,442445867,854,5,f0041,ff106200,idle_thread,0,44
1097,0,442447307,1336,5,42,f7fc7600,IDLE0,0,44
1098,1,442448672,723,0,1,f7fc3a00,ulsched C1,0,44
1099,1,442449795,742,5,47,f7fc3a00,ulsched C1,0,44
1100,1,442451927,209,1,84f,f7fc3a00,ulsched C1,0,725
1101,1,442453002,697,5,204e1,f7fc3a00,ulsched C1,0,725
1102,1,442454347,1172,5,1f4e1,f7fc3a00,ulsched C1,0,725
1103,1,442456187,1343,5,2a041,f7ce7200,MC-Sq-0,0,725
1104,0,442457549,687,0,1,f7fc2200,time server,0,725
1105,1,442458262,25379,1,82c,f7ce7200,MC-Sq-0,0,61
1106,0,442483664,1744,5,42,f7fc7600,IDLE0,0,61
1107,1,442485427,41543,1,82c,f7ce7200,MC-Sq-0,0,57
1108,1,442527165,757,0,1,f7fc3a00,ulsched C1,0,57
1109,1,442530198,1417,5,2a041,f7ce7200,MC-Sq-0,0,57
1110,0,442531641,958,0,1,f7fc2200,time server,0,57
1111,1,442532621,182,1,84f,f7ce7200,MC-Sq-0,0,725
1112,1,442533352,37024,1,80c,f7ce7200,MC-Sq-0,0,77
1113,0,442570399,1309,5,42,f7fc7600,IDLE0,0,77
1114,1,442571736,726,0,1,f7fc3a00,ulsched C1,0,77
1115,1,442572849,918,5,47,f7ce7200,MC-Sq-0,0,77
1116,1,442620785,268,1,82c,f7ce7200,MC-Sq-0,0,41
1117,1,442621413,1280,5,f3041,f7fc3a00,ulsched C1,0,41
1118,1,442623872,1139,5,f2085,f7fc3a00,ulsched C1,0,41
1119,1,442625735,910,5,f4085,f7fc3a00,ulsched C1,0,41
1120,1,442627618,1362,5,2a041,f7ce7200,MC-Sq-0,0,41
1121,0,442629003,694,0,1,f7fc2200,time server,0,41
1122,1,442629721,34845,1,82c,f7ce7200,MC-Sq-0,0,61
1123,0,442664588,1307,5,42,f7fc7600,IDLE0,0,61
1124,1,442665913,41960,1,82c,f7ce7200,MC-Sq-0,0,57
1125,0,442707899,939,0,59,f7fc2200,time server,0,57
1126,1,442708864,789,0,1,f7fc3a00,ulsched C1,0,57
1127,0,442710177,591,5,1a1e1,f7fc2200,time server,0,57
1128,1,442711978,1127,5,2a041,f7ce7200,MC-Sq-0,0,57
1129,1,442713388,181,1,84f,f7ce7200,MC-Sq-0,0,725
1130,1,442714128,37128,1,80c,f7ce7200,MC-Sq-0,0,77
1131,0,442751282,721,5,47,f7fc2200,time server,0,77
1132,0,442752256,329,0,59,f7fc2200,time server,0,77
1133,0,442755224,1572,5,42,f7fc2200,time server,0,77
1134,1,442756817,757,0,1,f7fc3a00,ulsched C1,0,77
1135,0,442757901,477,5,1a1e1,f7fc2200,time server,0,77
1136,1,442758402,883,5,47,f7ce7200,MC-Sq-0,0,77
1137,0,442760823,1057,5,47,f7fc7600,IDLE0,0,77
1138,0,442785506,917,0,59,f7fc2200,time server,0,77
1139,0,442787426,489,5,1a1e1,f7fc2200,time server,0,77
1140,0,442789520,778,5,65,f7fc2200,time server,0,77
1141,1,442790328,1001,0,1,f7fc3a00,ulsched C1,0,77
1142,1,442791978,983,5,2a041,f7ce7200,MC-Sq-0,0,77
1143,0,442792983,702,5,47,f7fc2200,time server,0,77
1144,0,442795022,1544,5,42,f7fc7600,IDLE0,0,77
1145,1,442796588,668,0,1,f7fc3a00,ulsched C1,0,77
1146,1,442798083,726,5,204e1,f7fc3a00,ulsched C1,0,77
1147,1,442799254,670,5,1f4e1,f7fc3a00,ulsched C1,0,77
1148,1,442803540,671,5,204e1,f7fc3a00,ulsched C1,0,77
1149,1,442804792,900,5,1e5e1,f7fc3a00,ulsched C1,0,77
1150,1,442806043,444,5,204e1,f7fc3a00,ulsched C1,0,77
1151,1,442806876,1148,5,1f4e1,f7fc3a00,ulsched C1,0,77
1152,1,442808455,733,5,234e1,f7fc3a00,ulsched C1,0,77
1153,1,442810036,1520,5,2a041,f7fc7a00,IDLE1,0,77
1154,0,442811570,745,0,1,f7fc2200,time server,0,77
1155,0,442815126,1428,5,42,f7fc7600,IDLE0,0,77
1156,1,442816573,730,0,1,f7fc3a00,ulsched C1,0,77
1157,1,442817704,947,5,47,f7fc7a00,IDLE1,0,77
1158,0,445436235,842,0,59,f7fc2200,time server,0,77
1159,0,445438183,520,5,1a1e1,f7fc2200,time server,0,77
1160,0,445440342,741,5,65,f7fc2200,time server,0,77
1161,1,445441123,973,0,1,f7fc3a00,ulsched C1,0,77
1162,1,445442789,1006,5,2a041,f7fc7a00,IDLE1,0,77
1163,0,445443816,671,5,47,f7fc2200,time server,0,77
1164,0,445445801,1512,5,42,f7fc7600,IDLE0,0,77
1165,1,445447339,653,0,1,f7fc3a00,ulsched C1,0,77
1166,1,445454543,823,5,204e1,f7fc3a00,ulsched C1,0,77
1167,1,445455932,1869,5,1e5e1,f7fc3a00,ulsched C1,0,77
1168,1,445458229,592,5,204e1,f7fc3a00,ulsched C1,0,77
1169,1,445459219,981,5,1f4e1,f7fc3a00,ulsched C1,0,77
1170,1,445460608,650,5,234e1,f7fc3a00,ulsched C1,0,77
1171,1,445462167,1526,5,2a041,f7fc3e00,C1T0,0,77
1172,0,445463719,767,0,1,f7fc2200,time server,0,77
1173,1,445464508,255,1,81c,f7fc3e00,C1T0,0,64
1174,1,445465156,42968,1,82c,f7fc3e00,C1T0,0,44
1175,0,445508145,1467,5,42,f7fc7600,IDLE0,0,44
1176,1,445509631,979,5,f0041,f7fc3a00,ulsched C1,0,44
1177,0,445510636,767,0,59,f7fc2200,time server,0,44
1178,1,445511426,581,0,1,f7fc3a00,ulsched C1,0,44
1179,1,445512498,721,5,47,f7fc3a00,ulsched C1,0,44
1180,0,445513244,495,5,1a1e1,f7fc2200,time server,0,44
1181,1,445514634,198,1,84f,f7fc3a00,ulsched C1,0,725
1182,0,445514952,712,5,65,f7fc2200,time server,0,725
1183,2,445515681,660,0,1,f7fc4e00,ulsched C2,0,725
1184,1,445516366,725,5,204e1,f7fc3a00,ulsched C1,0,725
1185,0,445517104,638,5,65,f7fc2200,time server,0,725
1186,2,445517765,946,5,2a041,f7fc7e00,IDLE2,0,725
1187,1,445518730,1154,5,1f4e1,f7fc3a00,ulsched C1,0,725
1188,3,445519908,962,0,1,f7fc6200,ulsched C3,0,725
1189,0,445520897,949,5,65,f7fc2200,time server,0,725
1190,1,445521878,1184,5,2a041,f7ce7200,MC-Sq-0,0,725
1191,3,445523083,968,5,2a041,f7feee00,IDLE3,0,725
1192,0,445524071,671,5,47,f7fc2200,time server,0,725
1193,0,445526061,1135,5,42,f7fc2200,time server,0,725
1194,2,445527249,1092,0,1,f7fc4e00,ulsched C2,0,725
1195,0,445528700,1041,5,42,f7fc2200,time server,0,725
1196,1,445529795,1033,0,1,f7fc3a00,ulsched C1,0,725
1197,0,445531247,1419,5,42,f7fc2600,ulsched C0,0,725
1198,3,445532687,680,0,1,f7fc6200,ulsched C3,0,725
1199,1,445533389,1647,5,2a041,f7ce7200,MC-Sq-0,0,725
1200,0,445535054,1158,5,2a041,f7fc2200,time server,0,725
1201,2,445536230,841,5,204e1,f7fc4e00,ulsched C2,0,725
1202,2,445537664,874,5,1e5e1,f7fc4e00,ulsched C2,0,725
1203,1,445538555,12857,1,82c,f7ce7200,MC-Sq-0,0,41
1204,2,445551438,575,5,204e1,f7fc4e00,ulsched C2,0,41
1205,0,445552036,1157,5,42,f7fc2200,time server,0,41
1206,3,445553217,823,5,204e1,f7fc6200,ulsched C3,0,41
1207,1,445554049,974,5,f3041,f7fc3a00,ulsched C1,0,41
1208,2,445555045,1162,5,1f4e1,f7fc4e00,ulsched C2,0,41
1209,0,445556227,1268,5,42,f7fc2600,ulsched C0,0,41
1210,3,445557515,880,5,1e5e1,f7fc6200,ulsched C3,0,41
1211,1,445558421,579,0,1,f7fc3a00,ulsched C1,0,41
1212,2,445559014,710,5,234e1,f7fc4e00,ulsched C2,0,41
1213,3,445559746,511,5,204e1,f7fc6200,ulsched C3,0,41
1214,1,445560282,767,5,47,f7fc3a00,ulsched C1,0,41
1215,2,445561070,1489,5,2a041,f7fc5200,C2T0,0,41
1216,3,445562580,1209,5,1f4e1,f7fc6200,ulsched C3,0,41
1217,0,445563799,908,5,204e1,f7fc2600,ulsched C0,0,41
1218,1,445564724,715,5,f2085,f7fc3a00,ulsched C1,0,41
1219,2,445565464,29371,1,81c,f7fc5200,C2T0,0,64
1220,3,445594855,752,5,234e1,f7fc6200,ulsched C3,0,64
1221,0,445595627,989,5,1e5e1,f7fc2600,ulsched C0,0,64
1222,1,445596641,1058,5,f4085,f7fc3a00,ulsched C1,0,64
1223,2,445597718,40309,1,82c,f7fc5200,C2T0,0,44
1224,3,445638053,1052,5,2a041,f7fc6600,C3T0,0,44
1225,0,445639118,493,5,204e1,f7fc2600,ulsched C0,0,44
1226,1,445639642,1041,5,2a041,f7ce7200,MC-Sq-0,0,44
1227,2,445640702,817,5,f0041,ff106600,idle_thread,0,44
1228,3,445641540,39859,1,81c,f7fc6600,C3T0,0,64
1229,0,445681420,1248,5,1f4e1,f7fc2600,ulsched C0,0,64
1230,1,445682688,42118,1,82c,f7ce7200,MC-Sq-0,0,61
1231,3,445724826,43306,1,82c,f7fc6600,C3T0,0,44
1232,0,445768156,756,5,234e1,f7fc2600,ulsched C0,0,44
1233,1,445768936,42484,1,82c,f7ce7200,MC-Sq-0,0,57
1234,3,445811445,1054,5,f0041,ff106a00,idle_thread,0,57
1235,0,445812525,1128,5,2a041,f7fc2200,time server,0,57
1236,1,445813672,169,1,84f,f7ce7200,MC-Sq-0,0,725
1237,1,445814722,39949,1,80c,f7ce7200,MC-Sq-0,0,77
1238,0,445854696,1626,5,42,f7fc2200,time server,0,77
1239,2,445856382,772,0,1,f7fc4e00,ulsched C2,0,77
1240,2,445857577,719,5,47,f7fc4e00,ulsched C2,0,77
1241,0,445858321,1123,5,42,f7fc2200,time server,0,77
1242,3,445859554,785,0,1,f7fc6200,ulsched C3,0,77
1243,2,445860359,189,1,84f,f7fc4e00,ulsched C2,0,725
1244,0,445860702,1038,5,42,f7fc2200,time server,0,725
1245,3,445861756,877,5,47,f7fc6200,ulsched C3,0,725
1246,1,445862661,831,0,1,f7fc3a00,ulsched C1,0,725
1247,0,445863523,1297,5,42,f7fc2600,ulsched C0,0,725
1248,2,445864843,1457,5,2a041,ff106600,idle_thread,0,725
1249,3,445866321,208,1,84f,f7fc6200,ulsched C3,0,725
1250,1,445866553,1182,5,2a041,f7ce7200,MC-Sq-0,0,725
1251,0,445867755,922,5,47,f7fc2200,time server,0,725
1252,3,445869545,1115,5,2a041,ff106a00,idle_thread,0,725
1253,0,445870676,1132,5,42,f7fc2200,time server,0,725
1254,2,445871933,852,0,1,f7fc4e00,ulsched C2,0,725
1255,0,445873258,1056,5,42,f7fc2200,time server,0,725
1256,1,445874348,1053,0,1,f7fc3a00,ulsched C1,0,725
1257,2,445875425,773,5,204e1,f7fc4e00,ulsched C2,0,725
1258,0,445876213,1396,5,42,f7fc2a00,C0T0,0,725
1259,1,445877628,944,5,47,f7ce7200,MC-Sq-0,0,725
1260,2,445878596,905,5,1e5e1,f7fc4e00,ulsched C2,0,725
1261,3,445879523,824,0,1,f7fc6200,ulsched C3,0,725
1262,0,445880371,17707,1,82c,f7fc2a00,C0T0,0,47
1263,2,445898097,455,5,204e1,f7fc4e00,ulsched C2,0,47
1264,3,445898579,796,5,204e1,f7fc6200,ulsched C3,0,47
1265,2,445899394,1242,5,1f4e1,f7fc4e00,ulsched C2,0,47
1266,3,445900657,821,5,1e5e1,f7fc6200,ulsched C3,0,47
1267,2,445901502,764,5,234e1,f7fc4e00,ulsched C2,0,47
1268,3,445902289,514,5,204e1,f7fc6200,ulsched C3,0,47
1269,2,445903175,1417,5,2a041,f7fc5600,C2T1,0,47
1270,3,445904611,1249,5,1f4e1,f7fc6200,ulsched C3,0,47
1271,0,445905885,859,0,1,f7fc2200,time server,0,47
1272,2,445906767,34570,1,81c,f7fc5600,C2T1,0,64
1273,3,445941361,739,5,234e1,f7fc6200,ulsched C3,0,64
1274,0,445942123,1515,5,42,f7fc2a00,C0T0,0,64
1275,1,445943655,41013,1,82c,f7ce7200,MC-Sq-0,0,41
1276,2,445984691,43314,1,82c,f7fc5600,C2T1,0,44
1277,3,446028030,1536,5,2a041,f7fc6a00,C3T1,0,44
1278,1,446029590,1378,5,f3041,f7fc3a00,ulsched C1,0,44
1279,0,446030994,40356,1,81c,f7fc2a00,C0T0,0,52
1280,2,446071375,1024,0,1,f7fc4e00,ulsched C2,0,52
1281,3,446072424,42250,1,81c,f7fc6a00,C3T1,0,64
1282,1,446114698,673,5,f2085,f7fc3a00,ulsched C1,0,64
1283,0,446115400,781,0,1,f7fc2200,time server,0,64
1284,2,446116204,990,5,47,f7fc5600,C2T1,0,64
1285,3,446117220,40725,1,82c,f7fc6a00,C3T1,0,44
1286,1,446157970,668,5,204e1,f7fc3a00,ulsched C1,0,44
1287,2,446158652,1256,5,f0041,f7fc4e00,ulsched C2,0,44
1288,0,446159933,1411,5,42,f7fc2a00,C0T0,0,44
1289,3,446161360,1009,5,f0041,f7fc6200,ulsched C3,0,44
1290,1,446162391,1141,5,1f4e1,f7fc3a00,ulsched C1,0,44
1291,2,446163554,204,1,84f,f7fc4e00,ulsched C2,0,725
1292,0,446163781,1435,5,f0041,f7fc2600,ulsched C0,0,725
1293,3,446165242,604,0,1,f7fc6200,ulsched C3,0,725
1294,1,446165878,656,5,f4085,f7fc3a00,ulsched C1,0,725
1295,2,446166555,746,5,204e1,f7fc4e00,ulsched C2,0,725
1296,3,446167324,794,5,47,f7fc6200,ulsched C3,0,725
1297,0,446168148,263,1,84f,f7fc2600,ulsched C0,0,725
1298,2,446168440,1308,5,1f4e1,f7fc4e00,ulsched C2,0,725
1299,1,446169770,1384,5,2a041,f7fc3e00,C1T0,0,725
1300,3,446171174,199,1,84f,f7fc6200,ulsched C3,0,725
1301,2,446171397,1060,5,2a041,f7ce7200,MC-Sq-0,0,725
1302,1,446172480,28867,1,81c,f7fc3e00,C1T0,0,64
1303,0,446201369,1447,5,2a041,f7fc2200,time server,0,64
1304,2,446202846,41842,1,82c,f7ce7200,MC-Sq-0,0,61
1305,3,446244711,1077,5,2a041,ff106a00,idle_thread,0,61
1306,1,446245803,42218,1,82c,f7fc3e00,C1T0,0,44
1307,0,446288044,1493,5,42,f7fc2200,time server,0,44
1308,2,446289555,41785,1,82c,f7ce7200,MC-Sq-0,0,57
1309,1,446331362,986,5,f0041,f7fc3a00,ulsched C1,0,57
1310,0,446332374,1060,5,42,f7fc2200,time server,0,57
1311,2,446333459,162,1,84f,f7ce7200,MC-Sq-0,0,725
1312,1,446333649,590,0,1,f7fc3a00,ulsched C1,0,725
1313,2,446334253,783,0,1,f7fc4e00,ulsched C2,0,725
1314,0,446335063,1384,5,42,f7fc2200,time server,0,725
1315,1,446336471,994,5,2a041,ff106200,idle_thread,0,725
1316,2,446337479,1189,5,2a041,f7ce7200,MC-Sq-0,0,725
1317,0,446338691,1113,5,42,f7fc2200,time server,0,725
1318,2,446339821,34815,1,80c,f7ce7200,MC-Sq-0,0,77
1319,3,446374665,1083,0,1,f7fc6200,ulsched C3,0,77
1320,0,446375770,1043,5,42,f7fc2200,time server,0,77
1321,1,446376857,746,0,1,f7fc3a00,ulsched C1,0,77
1322,3,446377969,773,5,204e1,f7fc6200,ulsched C3,0,77
1323,1,446378751,730,5,47,f7fc3a00,ulsched C1,0,77
1324,0,446379509,1357,5,42,f7fc2600,ulsched C0,0,77
1325,3,446380892,865,5,1e5e1,f7fc6200,ulsched C3,0,77
1326,2,446381784,763,0,1,f7fc4e00,ulsched C2,0,77
1327,1,446382568,184,1,84f,f7fc3a00,ulsched C1,0,725
1328,3,446382775,484,5,204e1,f7fc6200,ulsched C3,0,725
1329,2,446383278,961,5,47,f7ce7200,MC-Sq-0,0,725
1330,3,446384261,1266,5,1f4e1,f7fc6200,ulsched C3,0,725
1331,0,446385547,837,5,204e1,f7fc2600,ulsched C0,0,725
1332,3,446386398,762,5,234e1,f7fc6200,ulsched C3,0,725
1333,1,446387191,1496,5,2a041,ff106200,idle_thread,0,725
1334,0,446388708,973,5,1e5e1,f7fc2600,ulsched C0,0,725
1335,3,446389700,1030,5,2a041,f7fc6e00,C3T2,0,725
1336,0,446390752,506,5,204e1,f7fc2600,ulsched C0,0,725
1337,3,446391275,26643,1,81c,f7fc6e00,C3T2,0,64
1338,0,446417940,1201,5,1f4e1,f7fc2600,ulsched C0,0,64
1339,3,446419151,42092,1,82c,f7fc6e00,C3T2,0,44
1340,0,446461263,748,5,234e1,f7fc2600,ulsched C0,0,44
1341,2,446462033,42637,1,82c,f7ce7200,MC-Sq-0,0,41
1342,3,446504689,868,5,f0041,ff106a00,idle_thread,0,41
1343,0,446505581,42383,1,82c,f7fc2600,ulsched C0,0,54
1344,2,446547987,1317,5,f3041,f7fc4e00,ulsched C2,0,54
1345,0,446549326,1099,5,2a041,f7fc2200,time server,0,54
1346,2,446551019,759,5,f2085,f7fc4e00,ulsched C2,0,54
1347,0,446553992,9,5,42,f7fc2200,time server,0,54
1348,2,446553992,1075,5,f4085,f7fc4e00,ulsched C2,0,54
1349,1,446555081,792,0,1,f7fc3a00,ulsched C1,0,54
1350,0,446555894,1167,5,42,f7fc2200,time server,0,54
1351,2,446557067,1426,5,2a041,f7ce7200,MC-Sq-0,0,54
1352,3,446558514,826,0,1,f7fc6200,ulsched C3,0,54
1353,1,446559361,785,5,204e1,f7fc3a00,ulsched C1,0,54
1354,0,446560168,1321,5,42,f7fc2200,time server,0,54
1355,2,446561509,29764,1,82c,f7ce7200,MC-Sq-0,0,61
1356,3,446591299,797,5,47,f7fc6200,ulsched C3,0,61
1357,1,446592119,980,5,1e5e1,f7fc3a00,ulsched C1,0,61
1358,0,446593113,1412,5,42,f7fc2600,ulsched C0,0,61
1359,2,446594541,40072,1,82c,f7ce7200,MC-Sq-0,0,57
1360,1,446634635,498,5,204e1,f7fc3a00,ulsched C1,0,57
1361,3,446635156,188,1,84f,f7fc6200,ulsched C3,0,725
1362,0,446635368,873,5,47,f7fc7600,IDLE0,0,725
1363,2,446636273,793,0,1,f7fc4e00,ulsched C2,0,725
1364,1,446637088,1159,5,1f4e1,f7fc3a00,ulsched C1,0,725
1365,3,446638269,1620,5,2a041,ff106a00,idle_thread,0,725
1366,1,446639908,756,5,234e1,f7fc3a00,ulsched C1,0,725
1367,2,446640692,1066,5,2a041,f7ce7200,MC-Sq-0,0,725
1368,0,446641784,806,0,1,f7fc2200,time server,0,725
1369,1,446642612,1074,5,2a041,f7fc4200,C1T1,0,725
1370,2,446643707,191,1,84f,f7ce7200,MC-Sq-0,0,725
1371,0,446644197,1118,5,42,f7fc2200,time server,0,725
1372,1,446645332,32648,1,81c,f7fc4200,C1T1,0,64
1373,2,446678002,43181,1,80c,f7ce7200,MC-Sq-0,0,77
1374,3,446721212,888,0,1,f7fc6200,ulsched C3,0,77
1375,0,446722121,1045,5,42,f7fc2200,time server,0,77
1376,1,446723184,41408,1,82c,f7fc4200,C1T1,0,44
1377,2,446764621,980,0,1,f7fc4e00,ulsched C2,0,44
1378,0,446765623,1332,5,42,f7fc7600,IDLE0,0,44
1379,3,446766981,696,5,204e1,f7fc6200,ulsched C3,0,44
1380,1,446767686,1009,5,f0041,f7fc3a00,ulsched C1,0,44
1381,2,446768717,943,5,47,f7ce7200,MC-Sq-0,0,44
1382,3,446769683,861,5,1e5e1,f7fc6200,ulsched C3,0,44
1383,1,446770571,595,0,1,f7fc3a00,ulsched C1,0,44
1384,3,446771186,441,5,204e1,f7fc6200,ulsched C3,0,44
1385,1,446771690,767,5,47,f7fc3a00,ulsched C1,0,44
1386,3,446772476,1239,5,1f4e1,f7fc6200,ulsched C3,0,44
1387,1,446773872,198,1,84f,f7fc3a00,ulsched C1,0,725
1388,3,446774161,775,5,234e1,f7fc6200,ulsched C3,0,725
1389,3,446775797,1481,5,2a041,f7fc7200,C3T3,0,725
1390,1,446777302,1099,5,2a041,ff106200,idle_thread,0,725
1391,0,446778424,751,0,1,f7fc2200,time server,0,725
1392,3,446779197,28743,1,81c,f7fc7200,C3T3,0,64
1393,0,446807960,1091,5,42,f7fc2200,time server,0,64
1394,3,446809078,42159,1,82c,f7fc7200,C3T3,0,44
1395,0,446851258,1352,5,42,f7fc7600,IDLE0,0,44
1396,2,446852626,41952,1,82c,f7ce7200,MC-Sq-0,0,41
1397,3,446894604,814,0,1,f7fc6200,ulsched C3,0,41
1398,1,446895450,799,0,1,f7fc3a00,ulsched C1,0,41
1399,2,446896274,858,5,f3041,ff106600,idle_thread,0,41
1400,3,446897154,786,5,47,f7fc6200,ulsched C3,0,41
1401,1,446898439,809,5,204e1,f7fc3a00,ulsched C1,0,41
1402,3,446899257,742,5,f2085,f7fc6200,ulsched C3,0,41
1403,1,446900022,862,5,1e5e1,f7fc3a00,ulsched C1,0,41
1404,1,446901286,469,5,204e1,f7fc3a00,ulsched C1,0,41
1405,3,446901836,862,5,f4085,f7fc6200,ulsched C3,0,41
1406,1,446902716,1267,5,1f4e1,f7fc3a00,ulsched C1,0,41
1407,2,446904006,752,0,1,f7ce7200,MC-Sq-0,0,41
1408,3,446904779,1502,5,2a041,f7fc7200,C3T3,0,41
1409,1,446906305,701,5,234e1,f7fc3a00,ulsched C1,0,41
1410,2,446907030,30806,1,82c,f7ce7200,MC-Sq-0,0,61
1411,0,446937865,1041,0,1,f7fc2200,time server,0,61
1412,3,446938931,811,5,f0041,ff106a00,idle_thread,0,61
1413,1,446939764,1014,5,2a041,f7fc4600,C1T2,0,61
1414,2,446940800,40464,1,82c,f7ce7200,MC-Sq-0,0,57
1415,0,446981286,1096,5,42,f7fc2200,time server,0,57
1416,1,446982402,42077,1,81c,f7fc4600,C1T2,0,64
1417,2,447024502,170,1,84f,f7ce7200,MC-Sq-0,0,725
1418,3,447024700,987,0,1,f7fc6200,ulsched C3,0,725
1419,0,447025717,1326,5,42,f7fc7600,IDLE0,0,725
1420,1,447027070,40721,1,82c,f7fc4600,C1T2,0,44
1421,2,447067818,43307,1,80c,f7ce7200,MC-Sq-0,0,77
1422,3,447111152,1709,5,2a041,ff106a00,idle_thread,0,77
1423,1,447112879,775,0,1,f7fc3a00,ulsched C1,0,77
1424,0,447113689,757,0,1,f7fc2200,time server,0,77
1425,1,447114471,991,5,47,f7fc4600,C1T2,0,77
1426,0,447115980,1363,5,42,f7fc7600,IDLE0,0,77
1427,1,447117360,1390,5,f0041,f7fc3a00,ulsched C1,0,77
1428,3,447118777,740,0,1,f7fc6200,ulsched C3,0,77
1429,3,447119932,723,5,47,f7fc6200,ulsched C3,0,77
1430,1,447120676,224,1,84f,f7fc3a00,ulsched C1,0,725
1431,3,447122228,242,1,84f,f7fc6200,ulsched C3,0,725
1432,1,447123666,1604,5,2a041,ff106200,idle_thread,0,725
1433,0,447125293,726,0,1,f7fc2200,time server,0,725
1434,3,447126044,1090,5,2a041,ff106a00,idle_thread,0,725
1435,0,447127262,1091,5,42,f7fc2200,time server,0,725
1436,1,447128446,1073,0,1,f7fc3a00,ulsched C1,0,725
1437,0,447129803,1298,5,42,f7fc7600,IDLE0,0,725
1438,3,447131120,760,0,1,f7fc6200,ulsched C3,0,725
1439,1,447131957,753,5,204e1,f7fc3a00,ulsched C1,0,725
1440,1,447133427,875,5,1e5e1,f7fc3a00,ulsched C1,0,725
1441,3,447134322,783,5,204e1,f7fc6200,ulsched C3,0,725
1442,1,447135122,504,5,204e1,f7fc3a00,ulsched C1,0,725
1443,3,447135844,862,5,1e5e1,f7fc6200,ulsched C3,0,725
1444,1,447136723,1186,5,1f4e1,f7fc3a00,ulsched C1,0,725
1445,3,447137933,460,5,204e1,f7fc6200,ulsched C3,0,725
1446,1,447138572,740,5,234e1,f7fc3a00,ulsched C1,0,725
1447,3,447139338,1271,5,1f4e1,f7fc6200,ulsched C3,0,725
1448,1,447140633,1640,5,2a041,f7fc4a00,C1T3,0,725
1449,3,447142297,737,5,234e1,f7fc6200,ulsched C3,0,725
1450,0,447143063,688,0,1,f7fc2200,time server,0,725
1451,1,447143774,10781,1,81c,f7fc4a00,C1T3,0,64
1452,3,447154577,1011,5,2a041,f7fc6a00,C3T1,0,64
1453,0,447155605,1068,5,42,f7fc2200,time server,0,64
1454,1,447156687,41150,1,82c,f7fc4a00,C1T3,0,44
1455,3,447197863,43353,1,81c,f7fc6a00,C3T1,0,64
1456,0,447241241,1281,5,42,f7fc7600,IDLE0,0,64
1457,2,447242540,41942,1,82c,f7ce7200,MC-Sq-0,0,41
1458,1,447284511,744,0,1,f7fc3a00,ulsched C1,0,41
1459,3,447285281,42497,1,82c,f7fc6a00,C3T1,0,44
1460,2,447327797,765,5,f3041,ff106600,idle_thread,0,44
1461,1,447328584,957,5,47,f7fc4a00,C1T3,0,44
1462,3,447329570,802,0,1,f7fc6200,ulsched C3,0,44
1463,1,447330392,1305,5,f0041,f7fc3a00,ulsched C1,0,44
1464,3,447331723,882,5,47,f7fc6200,ulsched C3,0,44
1465,3,447333869,732,5,f2085,f7fc6200,ulsched C3,0,44
1466,1,447334623,553,1,84f,f7fc3a00,ulsched C1,0,725
1467,3,447336246,930,5,f4085,f7fc6200,ulsched C3,0,725
1468,2,447337185,739,0,1,f7ce7200,MC-Sq-0,0,725
1469,1,447337943,1556,5,2a041,ff106200,idle_thread,0,725
1470,3,447339523,1346,5,2a041,f7fc6a00,C3T1,0,725
1471,2,447340893,30271,1,82c,f7ce7200,MC-Sq-0,0,61
1472,0,447371190,971,0,1,f7fc2200,time server,0,61
1473,3,447372184,785,5,f0041,ff106a00,idle_thread,0,61
1474,2,447372993,41399,1,82c,f7ce7200,MC-Sq-0,0,57
1475,0,447414415,1108,5,42,f7fc2200,time server,0,57
1476,2,447415538,175,1,84f,f7ce7200,MC-Sq-0,0,725
1477,1,447415744,837,0,1,f7fc3a00,ulsched C1,0,725
1478,2,447416601,41124,1,80c,f7ce7200,MC-Sq-0,0,77
1479,0,447457748,1309,5,42,f7fc7600,IDLE0,0,77
1480,1,447459076,745,5,204e1,f7fc3a00,ulsched C1,0,77
1481,3,447459839,777,0,1,f7fc6200,ulsched C3,0,77
1482,1,447460638,886,5,1e5e1,f7fc3a00,ulsched C1,0,77
1483,1,447461946,519,5,204e1,f7fc3a00,ulsched C1,0,77
1484,1,447462853,1172,5,1f4e1,f7fc3a00,ulsched C1,0,77
1485,3,447464043,1397,5,2a041,ff106a00,idle_thread,0,77
1486,1,447465451,733,5,234e1,f7fc3a00,ulsched C1,0,77
1487,0,447466219,679,0,1,f7fc2200,time server,0,77
1488,1,447466920,34193,1,82c,f7fc3a00,ulsched C1,0,54
1489,0,447501134,1383,5,42,f7fc7600,IDLE0,0,54
1490,1,447502543,1450,5,2a041,f7fc7a00,IDLE1,0,54
1491,3,447504012,766,0,1,f7fc6200,ulsched C3,0,54
1492,0,447504809,714,0,1,f7fc2200,time server,0,54
1493,3,447505546,690,5,47,f7fc6200,ulsched C3,0,54
1494,2,447506263,38129,1,82c,f7ce7200,MC-Sq-0,0,41
1495,0,447544419,1315,5,42,f7fc7600,IDLE0,0,41
1496,3,447545759,218,1,84f,f7fc6200,ulsched C3,0,725
1497,2,447546003,766,5,f3041,ff106600,idle_thread,0,725
1498,1,447546795,747,0,1,f7fc3a00,ulsched C1,0,725
1499,1,447547947,793,5,47,f7fc3a00,ulsched C1,0,725
1500,3,447549017,1530,5,2a041,ff106a00,idle_thread,0,725
1501,1,447550569,708,5,f2085,f7fc3a00,ulsched C1,0,725
1502,0,447551301,726,0,1,f7fc2200,time server,0,725
1503,0,447553296,1365,5,42,f7fc7600,IDLE0,0,725
1504,1,447554675,872,5,f4085,f7fc3a00,ulsched C1,0,725
1505,3,447555573,787,0,1,f7fc6200,ulsched C3,0,725
1506,2,447556391,680,0,1,f7ce7200,MC-Sq-0,0,725
1507,1,447557095,1499,5,2a041,f7fc7a00,IDLE1,0,725
1508,2,447558613,29181,1,82c,f7ce7200,MC-Sq-0,0,61
1509,0,447587820,699,0,1,f7fc2200,time server,0,61
1510,3,447588544,730,5,204e1,f7fc6200,ulsched C3,0,61
1511,2,447589287,41810,1,82c,f7ce7200,MC-Sq-0,0,57
1512,0,447631119,1312,5,42,f7fc7600,IDLE0,0,57
1513,3,447632449,890,5,1e5e1,f7fc6200,ulsched C3,0,57
1514,2,447633364,167,1,84f,f7ce7200,MC-Sq-0,0,725
1515,1,447633560,799,0,1,f7fc3a00,ulsched C1,0,725
1516,3,447634381,482,5,204e1,f7fc6200,ulsched C3,0,725
1517,2,447634887,39499,1,80c,f7ce7200,MC-Sq-0,0,77
1518,3,447674411,1182,5,1f4e1,f7fc6200,ulsched C3,0,77
1519,1,447675602,784,5,204e1,f7fc3a00,ulsched C1,0,77
1520,3,447676411,731,5,234e1,f7fc6200,ulsched C3,0,77
1521,1,447677161,824,5,1e5e1,f7fc3a00,ulsched C1,0,77
1522,3,447678025,1447,5,2a041,f7fc6e00,C3T2,0,77
1523,1,447679496,451,5,204e1,f7fc3a00,ulsched C1,0,77
1524,0,447679975,699,0,1,f7fc2200,time server,0,77
1525,3,447680699,37052,1,81c,f7fc6e00,C3T2,0,64
1526,1,447717773,1125,5,1f4e1,f7fc3a00,ulsched C1,0,64
1527,0,447718922,1343,5,42,f7fc7600,IDLE0,0,64
1528,3,447720291,40738,1,82c,f7fc6e00,C3T2,0,44
1529,1,447761051,727,5,234e1,f7fc3a00,ulsched C1,0,44
1530,2,447761802,42614,1,82c,f7ce7200,MC-Sq-0,0,41
1531,3,447804444,802,0,1,f7fc6200,ulsched C3,0,41
1532,1,447805269,1466,5,2a041,f7fc4200,C1T1,0,41
1533,2,447806744,728,5,f3041,ff106600,idle_thread,0,41
1534,3,447807497,971,5,47,f7fc6e00,C3T2,0,41
1535,0,447808495,727,0,1,f7fc2200,time server,0,41
1536,1,447809246,38456,1,81c,f7fc4200,C1T1,0,64
1537,3,447847723,1320,5,f0041,f7fc6200,ulsched C3,0,64
1538,0,447849068,1322,5,42,f7fc7600,IDLE0,0,64
1539,1,447850407,40578,1,82c,f7fc4200,C1T1,0,44
1540,3,447891009,216,1,84f,f7fc6200,ulsched C3,0,725
1541,1,447891258,883,0,1,f7fc3a00,ulsched C1,0,725
1542,1,447892589,806,5,47,f7fc3a00,ulsched C1,0,725
1543,3,447894206,1556,5,2a041,ff106a00,idle_thread,0,725
1544,1,447895782,710,5,f2085,f7fc3a00,ulsched C1,0,725
1545,0,447896516,696,0,1,f7fc2200,time server,0,725
1546,1,447898588,807,5,f4085,f7fc3a00,ulsched C1,0,725
1547,0,447899416,1383,5,42,f7fc7600,IDLE0,0,725
1548,2,447900817,691,0,1,f7ce7200,MC-Sq-0,0,725
1549,3,447901540,832,0,1,f7fc6200,ulsched C3,0,725
1550,1,447902396,1541,5,2a041,f7fc4200,C1T1,0,725
1551,2,447903959,30405,1,82c,f7ce7200,MC-Sq-0,0,61
1552,0,447934392,1018,0,1,f7fc2200,time server,0,61
1553,1,447935437,815,5,f0041,ff106200,idle_thread,0,61
1554,3,447936277,733,5,204e1,f7fc6200,ulsched C3,0,61
1555,2,447937027,40716,1,82c,f7ce7200,MC-Sq-0,0,57
1556,0,447977767,1303,5,42,f7fc7600,IDLE0,0,57
1557,3,447979087,824,5,1e5e1,f7fc6200,ulsched C3,0,57
1558,2,447979930,172,1,84f,f7ce7200,MC-Sq-0,0,725
1559,1,447980126,765,0,1,f7fc3a00,ulsched C1,0,725
1560,3,447980915,472,5,204e1,f7fc6200,ulsched C3,0,725
1561,2,447981409,39630,1,80c,f7ce7200,MC-Sq-0,0,77
1562,3,448021062,1276,5,1f4e1,f7fc6200,ulsched C3,0,77
1563,1,448022356,1219,5,2a041,ff106200,idle_thread,0,77
1564,3,448023585,738,5,234e1,f7fc6200,ulsched C3,0,77
1565,0,448024352,700,0,1,f7fc2200,time server,0,77
1566,3,448025079,39302,1,82c,f7fc6200,ulsched C3,0,54
1567,0,448064404,1335,5,42,f7fc7600,IDLE0,0,54
1568,3,448065754,1500,5,2a041,f7feee00,IDLE3,0,54
1569,1,448067275,1083,0,1,f7fc3a00,ulsched C1,0,54
1570,0,448068389,753,0,1,f7fc2200,time server,0,54
1571,1,448069165,715,5,47,f7fc3a00,ulsched C1,0,54
1572,2,448069904,37737,1,82c,f7ce7200,MC-Sq-0,0,41
1573,0,448107661,1338,5,42,f7fc7600,IDLE0,0,41
1574,1,448109025,225,1,84f,f7fc3a00,ulsched C1,0,725
1575,2,448109272,731,5,f3041,ff106600,idle_thread,0,725
1576,3,448110032,742,0,1,f7fc6200,ulsched C3,0,725
1577,3,448111163,753,5,47,f7fc6200,ulsched C3,0,725
1578,1,448112251,1563,5,2a041,ff106200,idle_thread,0,725
1579,3,448113829,804,5,f2085,f7fc6200,ulsched C3,0,725
1580,0,448114660,705,0,1,f7fc2200,time server,0,725
1581,0,448116655,1335,5,42,f7fc7600,IDLE0,0,725
1582,3,448118009,871,5,f4085,f7fc6200,ulsched C3,0,725
1583,1,448118906,824,0,1,f7fc3a00,ulsched C1,0,725
1584,2,448119761,683,0,1,f7ce7200,MC-Sq-0,0,725
1585,3,448120466,1607,5,2a041,f7feee00,IDLE3,0,725
1586,2,448122097,28905,1,82c,f7ce7200,MC-Sq-0,0,61
1587,0,448151030,894,0,1,f7fc2200,time server,0,61
1588,1,448151947,789,5,204e1,f7fc3a00,ulsched C1,0,61
1589,2,448152750,41540,1,82c,f7ce7200,MC-Sq-0,0,57
1590,0,448194313,1768,5,42,f7fc7600,IDLE0,0,57
1591,1,448196096,873,5,1e5e1,f7fc3a00,ulsched C1,0,57
1592,2,448196987,162,1,84f,f7ce7200,MC-Sq-0,0,725
1593,3,448197175,788,0,1,f7fc6200,ulsched C3,0,725
1594,1,448197985,448,5,204e1,f7fc3a00,ulsched C1,0,725
1595,2,448198456,39235,1,80c,f7ce7200,MC-Sq-0,0,77
1596,1,448237719,1188,5,1f4e1,f7fc3a00,ulsched C1,0,77
1597,3,448238922,741,5,204e1,f7fc6200,ulsched C3,0,77
1598,1,448239684,718,5,234e1,f7fc3a00,ulsched C1,0,77
1599,3,448240426,862,5,1e5e1,f7fc6200,ulsched C3,0,77
1600,1,448241313,1496,5,2a041,f7fc4a00,C1T3,0,77
1601,3,448242832,470,5,204e1,f7fc6200,ulsched C3,0,77
1602,0,448243333,676,0,1,f7fc2200,time server,0,77
1603,1,448244039,36903,1,81c,f7fc4a00,C1T3,0,64
1604,3,448280963,1189,5,1f4e1,f7fc6200,ulsched C3,0,64
1605,0,448282161,1316,5,42,f7fc7600,IDLE0,0,64
1606,1,448283496,40871,1,82c,f7fc4a00,C1T3,0,44
1607,3,448324390,731,5,234e1,f7fc6200,ulsched C3,0,44
1608,2,448325148,42484,1,82c,f7ce7200,MC-Sq-0,0,41
1609,1,448367669,766,0,1,f7fc3a00,ulsched C1,0,41
1610,3,448368467,1443,5,2a041,f7fc6a00,C3T1,0,41
1611,2,448369935,724,5,f3041,ff106600,idle_thread,0,41
1612,1,448370683,954,5,47,f7fc4a00,C1T3,0,41
1613,0,448371666,704,0,1,f7fc2200,time server,0,41
1614,3,448372396,38613,1,81c,f7fc6a00,C3T1,0,64
1615,1,448411031,1285,5,f0041,f7fc3a00,ulsched C1,0,64
1616,0,448412338,1337,5,42,f7fc7600,IDLE0,0,64
1617,3,448413692,40593,1,82c,f7fc6a00,C3T1,0,44
1618,1,448454307,221,1,84f,f7fc3a00,ulsched C1,0,725
1619,3,448455010,817,0,1,f7fc6200,ulsched C3,0,725
1620,3,448456230,800,5,47,f7fc6200,ulsched C3,0,725
1621,1,448457390,1467,5,2a041,ff106200,idle_thread,0,725
1622,3,448458877,721,5,f2085,f7fc6200,ulsched C3,0,725
1623,0,448459624,704,0,1,f7fc2200,time server,0,725
1624,3,448461346,886,5,f4085,f7fc6200,ulsched C3,0,725
1625,0,448462254,1325,5,42,f7fc7600,IDLE0,0,725
1626,2,448463600,666,0,1,f7ce7200,MC-Sq-0,0,725
1627,1,448464294,815,0,1,f7fc3a00,ulsched C1,0,725
1628,3,448465135,1490,5,2a041,f7fc6a00,C3T1,0,725
1629,2,448466634,30953,1,82c,f7ce7200,MC-Sq-0,0,61
1630,0,448497615,946,0,1,f7fc2200,time server,0,61
1631,3,448498583,818,5,f0041,ff106a00,idle_thread,0,61
1632,1,448499426,702,5,65,f7fc3a00,ulsched C1,0,61
1633,2,448500137,40852,1,82c,f7ce7200,MC-Sq-0,0,57
1634,0,448541017,1657,5,42,f7fc7600,IDLE0,0,57
1635,2,448542692,164,1,84f,f7ce7200,MC-Sq-0,0,725
1636,3,448542882,879,0,1,f7fc6200,ulsched C3,0,725
1637,2,448543783,40456,1,80c,f7ce7200,MC-Sq-0,0,77
1638,3,448584261,664,5,65,f7fc6200,ulsched C3,0,77
1639,2,448632114,250,1,82c,f7ce7200,MC-Sq-0,0,41
1640,2,448632683,748,5,f3041,ff106600,idle_thread,0,41
1641,1,448931150,1013,0,1b,f7fc3a00,ulsched C1,0,41
1642,3,449181612,991,0,1b,f7fc6200,ulsched C3,0,41
1643,2,449770018,472,0,1b,ff106600,idle_thread,0,41
1644,1,451420363,720,0,1b,f7fc3a00,ulsched C1,0,41
1645,3,451670811,678,0,1b,f7fc6200,ulsched C3,0,41
1646,2,452259219,350,0,1b,ff106600,idle_thread,0,41
1647,0,452925053,954,0,59,f7fc2200,time server,0,41
1648,0,452927729,543,5,1a1e1,f7fc2200,time server,0,41
1649,0,452931251,1017,5,47,f7fc7600,IDLE0,0,41
1650,0,453079355,863,0,59,f7fc2200,time server,0,41
1651,0,453081347,513,5,1a1e1,f7fc2200,time server,0,41
1652,0,453083516,739,5,65,f7fc2200,time server,0,41
1653,2,453084276,723,0,1,f7fc4e00,ulsched C2,0,41
1654,2,453085774,774,5,2a041,ff106600,idle_thread,0,41
1655,0,453086571,744,5,47,f7fc2200,time server,0,41
1656,0,453088637,1599,5,42,f7fc7600,IDLE0,0,41
1657,2,453090254,742,0,1,f7fc4e00,ulsched C2,0,41
1658,2,453091942,672,5,204e1,f7fc4e00,ulsched C2,0,41
1659,2,453093082,706,5,1f4e1,f7fc4e00,ulsched C2,0,41
1660,2,453096571,1074,5,f5045,f7fc4e00,ulsched C2,0,41
1661,0,453097701,742,0,1,f7fc2600,ulsched C0,0,41
1662,2,453098466,555,5,65,f7fc4e00,ulsched C2,0,41
1663,0,453102836,1736,5,2a041,f7fc2200,time server,0,41
1664,0,453106668,1400,5,42,f7fc2600,ulsched C0,0,41
1665,0,453109123,1061,5,65,f7fc2600,ulsched C0,0,41
1666,0,453517322,793,0,59,f7fc2600,ulsched C0,0,41
1667,1,453909558,678,0,1b,f7fc3a00,ulsched C1,0,41
1668,3,454160009,661,0,1b,f7fc6200,ulsched C3,0,41
1669,0,454858839,813,0,1b,e0350600,ulscheduler,0,41
1670,0,454860303,448,5,69,e0350600,ulscheduler,0,41
1671,0,454861066,338,5,69,e0350600,ulscheduler,0,41
1672,0,454861701,279,5,69,e0350600,ulscheduler,0,41
1673,1,454862346,846,5,b,f7fc3a00,ulsched C1,0,41
1674,3,454863228,794,5,b,f7fc6200,ulsched C3,0,41
1675,2,454864044,993,5,b,f7fc4e00,ulsched C2,0,41
