0,0,345865102,181,1,804,e0350600,ulscheduler,0,0
1,0,345865636,1351,5,65,e0350600,ulscheduler,0,0
2,0,345867204,687,5,65,e0350600,ulscheduler,0,0
3,2,345867921,722,0,1,f7fc3a00,ulsched C1,0,0
4,0,345868671,1420,5,69,f7fc2600,ulsched C0,0,0
5,2,345871911,1138,5,2a041,ff106600,idle_thread,0,0
6,0,345873074,1146,5,2a041,f7fc2200,time server,0,0
7,0,345879228,2050,5,42,f7fc2200,time server,0,0
8,2,345881294,689,0,1,f7fc3a00,ulsched C1,0,0
9,0,345882647,1368,5,42,f7fc2600,ulsched C0,0,0
10,0,345895975,1211,5,1e5e1,f7fc2600,ulsched C0,0,0
11,2,345897207,1224,5,1e5e1,f7fc3a00,ulsched C1,0,0
12,0,345898450,630,5,204e1,f7fc2600,ulsched C0,0,0
13,2,345899106,549,5,204e1,f7fc3a00,ulsched C1,0,0
14,0,345899679,1336,5,1f4e1,f7fc2600,ulsched C0,0,0
15,2,345901027,1403,5,1f4e1,f7fc3a00,ulsched C1,0,0
16,0,345902460,1088,5,234e1,f7fc2600,ulsched C0,0,0
17,2,345903566,825,5,234e1,f7fc3a00,ulsched C1,0,0
18,0,345904416,722,5,1e5e1,f7fc2600,ulsched C0,0,0
19,2,345905150,763,5,1e5e1,f7fc3a00,ulsched C1,0,0
20,0,345905940,497,5,204e1,f7fc2600,ulsched C0,0,0
21,2,345906459,495,5,204e1,f7fc3a00,ulsched C1,0,0
22,0,345906980,818,5,1f4e1,f7fc2600,ulsched C0,0,0
23,2,345907823,818,5,1f4e1,f7fc3a00,ulsched C1,0,0
24,1,345908669,762,0,1,f7fc2e00,C0T1,0,0
25,1,345909970,549,0,0,ff106200,idle_thread,0,0
26,0,345909970,860,0,0,f7fc2600,ulsched C0,0,0
27,3,345910861,740,0,1,f7fc4200,C1T1,0,0
28,3,345912076,331,0,0,ff106a00,idle_thread,0,0
29,2,345912076,661,0,0,f7fc3a00,ulsched C1,0,0
30,1,345912769,573,0,1,f7fc2e00,C0T1,0,0
31,0,345913365,1941,5,2a041,f7fc2200,time server,0,0
32,3,345915332,552,0,1,f7fc4200,C1T1,0,0
33,2,345915918,1290,5,2a041,f7fc3e00,C1T0,0,0
34,0,345922123,2371,5,42,f7fc2200,time server,0,0
35,0,345927636,1552,5,42,f7fc2600,ulsched C0,0,0
36,2,345929213,810,0,1,f7fc3a00,ulsched C1,0,0
37,0,345930040,870,5,47,f7fc3200,C0T2,0,0
38,2,345930940,995,5,47,f7fc3e00,C1T0,0,0
39,0,346112655,1884,0,59,f7fc2200,time server,0,0
40,0,346117656,752,5,1a1e1,f7fc2200,time server,0,0
41,0,346120555,783,5,65,f7fc2200,time server,0,0
42,2,346121379,715,0,1,f7fc3a00,ulsched C1,0,0
43,2,346122936,948,5,2a041,f7fc3e00,C1T0,0,0
44,0,346123907,724,5,47,f7fc2200,time server,0,0
45,0,346126025,2138,5,42,f7fc3200,C0T2,0,0
46,2,346128187,1003,0,1,f7fc3a00,ulsched C1,0,0
47,3,346134770,298,0,0,ff106a00,idle_thread,0,0
48,2,346134770,785,0,0,f7fc3a00,ulsched C1,0,0
49,3,346135570,488,0,1,ff106a00,idle_thread,0,0
50,2,346136288,908,5,1e5e1,f7fc3a00,ulsched C1,0,0
51,2,346137570,498,5,204e1,f7fc3a00,ulsched C1,0,0
52,2,346138467,834,5,1f4e1,f7fc3a00,ulsched C1,0,0
53,3,346139332,705,0,1,f7fc4600,C1T2,0,0
54,3,346140480,292,0,0,ff106a00,idle_thread,0,0
55,2,346140480,642,0,0,f7fc3a00,ulsched C1,0,0
56,3,346141137,484,0,1,f7fc4600,C1T2,0,0
57,2,346141991,1657,5,2a041,f7fc3e00,C1T0,0,0
58,0,346143676,1220,0,1,f7fc2200,time server,0,0
59,0,346147611,1474,5,42,f7fc3200,C0T2,0,0
60,2,346149110,818,0,1,f7fc3a00,ulsched C1,0,0
61,2,346150371,900,5,47,f7fc3e00,C1T0,0,0
62,1,346864208,348,1,82c,f7fc2e00,C0T1,0,41
63,1,346865101,1051,5,f0041,ff106200,idle_thread,0,41
64,0,346866173,722,0,1,f7fc2600,ulsched C0,0,41
65,0,346870958,258,1,84f,f7fc2600,ulsched C0,0,499
66,0,346873527,887,5,204e1,f7fc2600,ulsched C0,0,499
67,0,346875087,936,5,1f4e1,f7fc2600,ulsched C0,0,499
68,1,346876041,780,0,1,f7fc5e00,MC-Sq-0,0,499
69,0,346876869,1900,5,2a041,f7fc2200,time server,0,499
70,1,346878796,202,1,84f,f7fc5e00,MC-Sq-0,0,499
71,0,346880446,1449,5,42,f7fc2600,ulsched C0,0,499
72,0,346884275,1957,5,2a041,f7fc2200,time server,0,499
73,0,346888143,1337,5,42,f7fc2600,ulsched C0,0,499
74,0,346890076,857,5,47,f7fc3200,C0T2,0,499
75,2,346892696,15392,1,82c,f7fc3e00,C1T0,0,41
76,2,346908651,1298,5,f0041,f7fc3a00,ulsched C1,0,41
77,2,346911718,236,1,84f,f7fc3a00,ulsched C1,0,499
78,2,346915814,1728,5,2a041,ff106600,idle_thread,0,499
79,0,346917564,846,0,1,f7fc2200,time server,0,499
80,0,346919808,1452,5,42,f7fc3200,C0T2,0,499
81,2,346921290,823,0,1,f7fc3a00,ulsched C1,0,499
82,2,346925386,800,5,204e1,f7fc3a00,ulsched C1,0,499
83,2,346926983,998,5,1e5e1,f7fc3a00,ulsched C1,0,499
84,2,346928386,471,5,204e1,f7fc3a00,ulsched C1,0,499
85,2,346929218,1256,5,1f4e1,f7fc3a00,ulsched C1,0,499
86,2,346930856,754,5,234e1,f7fc3a00,ulsched C1,0,499
87,2,346932484,1505,5,2a041,f7fc4a00,C1T3,0,499
88,0,346934005,17400,1,82c,f7fc3200,C0T2,0,41
89,0,346951572,762,0,1,f7fc2200,time server,0,41
90,0,346953843,1389,5,42,f7fc3200,C0T2,0,41
91,2,346955262,762,0,1,f7fc3a00,ulsched C1,0,41
92,0,346956046,1326,5,f0041,f7fc2600,ulsched C0,0,41
93,2,346957389,1015,5,47,f7fc4a00,C1T3,0,41
94,0,346963208,1558,5,2a041,f7fc2200,time server,0,41
95,0,346966376,1482,5,42,f7fc2600,ulsched C0,0,41
96,0,346970602,816,5,204e1,f7fc2600,ulsched C0,0,41
97,0,346972197,1214,5,1e5e1,f7fc2600,ulsched C0,0,41
98,0,346973795,533,5,204e1,f7fc2600,ulsched C0,0,41
99,0,346974742,1289,5,1f4e1,f7fc2600,ulsched C0,0,41
100,0,346976408,777,5,234e1,f7fc2600,ulsched C0,0,41
101,0,346978075,1455,5,2a041,f7fc2200,time server,0,41
102,0,346981483,1408,5,42,f7fc2600,ulsched C0,0,41
103,0,346983317,883,5,47,f7fc3600,C0T3,0,41
104,3,347091859,312,1,82c,f7fc4600,C1T2,0,41
105,3,347092637,1061,5,f0041,ff106a00,idle_thread,0,41
106,2,347093723,686,0,1,f7fc3a00,ulsched C1,0,41
107,2,347098199,2032,5,2a041,f7fc4a00,C1T3,0,41
108,0,347100245,846,0,1,f7fc2200,time server,0,41
109,0,347102518,1506,5,42,f7fc3600,C0T3,0,41
110,2,347104048,1039,0,1,f7fc3a00,ulsched C1,0,41
111,2,347107956,784,5,204e1,f7fc3a00,ulsched C1,0,41
112,2,347109517,847,5,1e5e1,f7fc3a00,ulsched C1,0,41
113,2,347110747,461,5,204e1,f7fc3a00,ulsched C1,0,41
114,2,347111560,880,5,1f4e1,f7fc3a00,ulsched C1,0,41
115,3,347112449,703,0,1,f7fc5600,IDLE2,0,41
116,3,347113624,320,0,0,ff106a00,idle_thread,0,41
117,2,347113624,730,0,0,f7fc3a00,ulsched C1,0,41
118,3,347114365,485,0,1,f7fc5600,IDLE2,0,41
119,2,347115223,1486,5,2a041,f7fc4a00,C1T3,0,41
120,0,347116737,962,0,1,f7fc2200,time server,0,41
121,0,347119238,1424,5,42,f7fc3600,C0T3,0,41
122,2,347120683,1036,0,1,f7fc3a00,ulsched C1,0,41
123,2,347122180,943,5,47,f7fc4a00,C1T3,0,41
124,1,347831074,309,1,82c,f7fc5e00,MC-Sq-0,0,44
125,1,347832425,1084,5,f3041,ff106200,idle_thread,0,44
126,0,347833537,722,0,1,f7fc2600,ulsched C0,0,44
127,0,347837222,231,1,84f,f7fc2600,ulsched C0,0,499
128,0,347838066,36683,1,82c,f7fc2600,ulsched C0,0,43
129,0,347875768,770,5,f2085,f7fc2600,ulsched C0,0,43
130,0,347877291,695,5,204e1,f7fc2600,ulsched C0,0,43
131,0,347878582,889,5,1f4e1,f7fc2600,ulsched C0,0,43
132,1,347879497,806,0,1,f7fc2e00,C0T1,0,43
133,0,347880327,37794,1,82c,f7fc2600,ulsched C0,0,45
134,2,347918146,43329,1,82c,f7fc4a00,C1T3,0,41
135,0,347961497,650,5,f4085,f7fc2600,ulsched C0,0,41
136,2,347962172,1339,5,f0041,f7fc3a00,ulsched C1,0,41
137,0,347963881,40826,1,82c,f7fc2600,ulsched C0,0,46
138,2,348004727,990,5,204e1,f7fc3a00,ulsched C1,0,46
139,0,348005756,1174,5,f5045,f7fc3600,C0T3,0,46
140,2,348006952,1169,5,1f4e1,f7fc3a00,ulsched C1,0,46
141,2,348008798,1507,5,2a041,f7fc5e00,MC-Sq-0,0,46
142,0,348010327,1574,0,1,f7fc2200,time server,0,46
143,2,348012508,216,1,84f,f7fc5e00,MC-Sq-0,0,499
144,0,348013691,1738,5,42,f7fc3600,C0T3,0,499
145,2,348015444,836,0,1,f7fc3a00,ulsched C1,0,499
146,2,348024230,1795,5,2a041,f7fc5e00,MC-Sq-0,0,499
147,0,348026041,397,0,59,f7fc3600,C0T3,0,499
148,0,348026644,703,0,1,f7fc2200,time server,0,499
149,0,348030531,1051,5,42,f7fc2200,time server,0,499
150,2,348031618,800,0,1,f7fc3a00,ulsched C1,0,499
151,2,348032859,1030,5,47,f7fc3a00,ulsched C1,0,499
152,0,348033909,525,5,1a1e1,f7fc2200,time server,0,499
153,2,348035920,1103,5,2a041,f7fc5e00,MC-Sq-0,0,499
154,0,348037040,910,5,47,f7fc2200,time server,0,499
155,0,348039324,1597,5,42,f7fc2600,ulsched C0,0,499
156,2,348041588,739,0,1,f7fc3a00,ulsched C1,0,499
157,0,348042349,1386,5,2a041,f7fc2200,time server,0,499
158,0,348045172,1318,5,42,f7fc2600,ulsched C0,0,499
159,2,348046511,1560,5,2a041,f7fc5e00,MC-Sq-0,0,499
160,0,348049688,1127,5,2a041,f7fc2200,time server,0,499
161,0,348053749,1360,5,42,f7fc2200,time server,0,499
162,2,348055135,1040,0,1,f7fc3a00,ulsched C1,0,499
163,2,348056581,936,5,47,f7fc5e00,MC-Sq-0,0,499
164,0,348057537,1207,5,42,f7fc2600,ulsched C0,0,499
165,0,348059227,885,5,47,f7fc3600,C0T3,0,499
166,0,348159254,299,1,82c,f7fc3600,C0T3,0,41
167,0,348160115,1300,5,f0041,f7fc2600,ulsched C0,0,41
168,0,348165998,1606,5,2a041,f7fc2200,time server,0,41
169,0,348169232,1465,5,42,f7fc2600,ulsched C0,0,41
170,0,348173057,780,5,204e1,f7fc2600,ulsched C0,0,41
171,0,348174617,1047,5,1e5e1,f7fc2600,ulsched C0,0,41
172,0,348176025,505,5,204e1,f7fc2600,ulsched C0,0,41
173,0,348176909,1242,5,1f4e1,f7fc2600,ulsched C0,0,41
174,0,348178511,823,5,234e1,f7fc2600,ulsched C0,0,41
175,0,348180272,1500,5,2a041,f7fc2200,time server,0,41
176,0,348183752,1455,5,42,f7fc2600,ulsched C0,0,41
177,0,348185683,1221,5,47,f7fc2a00,C0T0,0,41
178,1,348831438,274,1,82c,f7fc2e00,C0T1,0,41
179,1,348832078,959,5,f0041,ff106200,idle_thread,0,41
180,0,348833063,855,0,1,f7fc2600,ulsched C0,0,41
181,0,348837873,1637,5,2a041,f7fc2200,time server,0,41
182,0,348841148,1393,5,42,f7fc2600,ulsched C0,0,41
183,0,348845218,853,5,204e1,f7fc2600,ulsched C0,0,41
184,0,348846859,1419,5,1e5e1,f7fc2600,ulsched C0,0,41
185,0,348848624,444,5,204e1,f7fc2600,ulsched C0,0,41
186,0,348849442,953,5,1f4e1,f7fc2600,ulsched C0,0,41
187,1,348850420,701,0,1,f7fc4e00,IDLE0,0,41
188,1,348851604,347,0,0,ff106200,idle_thread,0,41
189,0,348851604,731,0,0,f7fc2600,ulsched C0,0,41
190,1,348852358,489,0,1,f7fc4e00,IDLE0,0,41
191,0,348853270,1481,5,2a041,f7fc2200,time server,0,41
192,0,348857280,1408,5,42,f7fc2600,ulsched C0,0,41
193,0,348859133,877,5,47,f7fc2a00,C0T0,0,41
194,2,348991034,289,1,82c,f7fc5e00,MC-Sq-0,0,44
195,2,348991918,1298,5,f3041,f7fc3a00,ulsched C1,0,44
196,2,348994368,213,1,84f,f7fc3a00,ulsched C1,0,499
197,2,348994990,39782,1,82c,f7fc3a00,ulsched C1,0,43
198,2,349035507,771,5,f2085,f7fc3a00,ulsched C1,0,43
199,2,349036831,41273,1,82c,f7fc3a00,ulsched C1,0,45
200,2,349078590,1077,5,f4085,f7fc3a00,ulsched C1,0,45
201,2,349080449,1479,5,2a041,f7fc5e00,MC-Sq-0,0,45
202,0,349081952,1040,0,1,f7fc2200,time server,0,45
203,2,349083017,158,1,84f,f7fc5e00,MC-Sq-0,0,499
204,0,349084381,1470,5,42,f7fc2a00,C0T0,0,499
205,2,349085882,1077,0,1,f7fc3a00,ulsched C1,0,499
206,2,349089373,181,1,84f,f7fc3a00,ulsched C1,0,499
207,2,349089945,31494,1,82c,f7fc3a00,ulsched C1,0,42
208,2,349122376,779,5,f1085,f7fc3a00,ulsched C1,0,42
209,2,349125783,1665,5,2a041,f7fc5e00,MC-Sq-0,0,42
210,0,349127472,982,0,1,f7fc2200,time server,0,42
211,0,349129955,1400,5,42,f7fc2a00,C0T0,0,42
212,2,349131379,827,0,1,f7fc3a00,ulsched C1,0,42
213,2,349132618,975,5,47,f7fc5e00,MC-Sq-0,0,42
214,0,349174144,295,1,82c,f7fc2a00,C0T0,0,41
215,0,349174989,1290,5,f0041,f7fc2600,ulsched C0,0,41
216,0,349181157,1568,5,2a041,f7fc2200,time server,0,41
217,0,349184328,1377,5,42,f7fc2600,ulsched C0,0,41
218,0,349188820,748,5,204e1,f7fc2600,ulsched C0,0,41
219,0,349190487,848,5,1e5e1,f7fc2600,ulsched C0,0,41
220,0,349191708,496,5,204e1,f7fc2600,ulsched C0,0,41
221,0,349192597,1260,5,1f4e1,f7fc2600,ulsched C0,0,41
222,0,349194234,744,5,234e1,f7fc2600,ulsched C0,0,41
223,0,349195851,1459,5,2a041,f7fc2200,time server,0,41
224,0,349199244,1380,5,42,f7fc2600,ulsched C0,0,41
225,0,349201109,1379,5,47,f7fc5200,IDLE1,0,41
226,2,350078968,279,1,82c,f7fc5e00,MC-Sq-0,0,44
227,2,350079829,1251,5,f3041,ff106600,idle_thread,0,44
228,0,350081109,843,0,1,f7fc2600,ulsched C0,0,44
229,0,350084169,238,1,84f,f7fc2600,ulsched C0,0,499
230,0,350084805,38027,1,82c,f7fc2600,ulsched C0,0,43
231,0,350123354,827,5,f2085,f7fc2600,ulsched C0,0,43
232,0,350127006,39166,1,82c,f7fc2600,ulsched C0,0,45
233,0,350166611,1015,5,f4085,f7fc2600,ulsched C0,0,45
234,2,350167647,821,0,1,f7fc5e00,MC-Sq-0,0,45
235,0,350168820,1678,5,2a041,f7fc2200,time server,0,45
236,2,350170521,163,1,84f,f7fc5e00,MC-Sq-0,0,499
237,0,350172353,1396,5,42,f7fc2600,ulsched C0,0,499
238,0,350176634,848,5,204e1,f7fc2600,ulsched C0,0,499
239,0,350178150,929,5,1e5e1,f7fc2600,ulsched C0,0,499
240,0,350179487,467,5,204e1,f7fc2600,ulsched C0,0,499
241,0,350180325,1229,5,1f4e1,f7fc2600,ulsched C0,0,499
242,0,350181917,732,5,234e1,f7fc2600,ulsched C0,0,499
243,0,350183612,1488,5,2a041,f7fc2200,time server,0,499
244,0,350187519,1451,5,42,f7fc2600,ulsched C0,0,499
245,0,350189474,854,5,47,f7fc3200,C0T2,0,499
246,0,350210192,1399,0,59,f7fc2200,time server,0,499
247,0,350212888,637,5,1a1e1,f7fc2200,time server,0,499
248,0,350216290,1005,5,47,f7fc3200,C0T2,0,499
249,0,350243365,885,0,59,f7fc2200,time server,0,499
250,0,350245683,506,5,1a1e1,f7fc2200,time server,0,499
251,0,350247599,755,5,65,f7fc2200,time server,0,499
252,2,350248372,1235,0,1,f7fc3a00,ulsched C1,0,499
253,0,350250382,925,5,47,f7fc3200,C0T2,0,499
254,2,350251331,1507,5,2a041,f7fc5e00,MC-Sq-0,0,499
255,0,350252864,739,0,1,f7fc2200,time server,0,499
256,0,350254977,1541,5,42,f7fc3200,C0T2,0,499
257,2,350256544,705,0,1,f7fc3a00,ulsched C1,0,499
258,2,350258642,812,5,204e1,f7fc3a00,ulsched C1,0,499
259,2,350259926,701,5,1f4e1,f7fc3a00,ulsched C1,0,499
260,2,350263163,314,1,82c,f7fc3a00,ulsched C1,0,46
261,2,350264026,1011,5,f5045,f7fc3a00,ulsched C1,0,46
262,0,350265059,690,0,1,f7fc2600,ulsched C0,0,46
263,2,350266713,731,5,204e1,f7fc3a00,ulsched C1,0,46
264,2,350268163,888,5,1e5e1,f7fc3a00,ulsched C1,0,46
265,2,350269453,463,5,204e1,f7fc3a00,ulsched C1,0,46
266,2,350270318,1263,5,1f4e1,f7fc3a00,ulsched C1,0,46
267,0,350271598,1715,5,2a041,f7fc2200,time server,0,46
268,2,350273337,748,5,234e1,f7fc3a00,ulsched C1,0,46
269,2,350275005,1062,5,2a041,f7fc5a00,IDLE3,0,46
270,0,350276087,2129,5,42,f7fc2200,time server,0,46
271,0,350281174,1505,5,42,f7fc2600,ulsched C0,0,46
272,2,350282702,838,0,1,f7fc3a00,ulsched C1,0,46
273,2,350284000,992,5,47,f7fc5a00,IDLE3,0,46
274,1,350286074,293,0,0,ff106200,idle_thread,0,46
275,0,350286074,816,0,0,f7fc2600,ulsched C0,0,46
276,1,350286899,523,0,1,ff106200,idle_thread,0,46
277,0,350287598,907,5,1e5e1,f7fc2600,ulsched C0,0,46
278,0,350289327,490,5,204e1,f7fc2600,ulsched C0,0,46
279,0,350290174,896,5,1f4e1,f7fc2600,ulsched C0,0,46
280,1,350291097,692,0,1,f7fc5e00,MC-Sq-0,0,46
281,1,350292247,300,0,0,ff106200,idle_thread,0,46
282,0,350292247,726,0,0,f7fc2600,ulsched C0,0,46
283,1,350292989,507,0,1,f7fc5e00,MC-Sq-0,0,46
284,0,350293850,1511,5,2a041,f7fc2200,time server,0,46
285,0,350298463,1491,5,42,f7fc2600,ulsched C0,0,46
286,0,350300531,918,5,47,f7fc3200,C0T2,0,46
287,0,350735829,1057,0,59,f7fc2200,time server,0,46
288,0,350738616,550,5,1a1e1,f7fc2200,time server,0,46
289,0,350740701,1051,5,65,f7fc2200,time server,0,46
290,0,350743704,865,5,47,f7fc2600,ulsched C0,0,46
291,0,350745345,1320,5,2a041,f7fc2200,time server,0,46
292,0,350748532,1308,5,42,f7fc2600,ulsched C0,0,46
293,1,350752409,284,0,0,ff106200,idle_thread,0,46
294,0,350752409,766,0,0,f7fc2600,ulsched C0,0,46
295,1,350753184,472,0,1,ff106200,idle_thread,0,46
296,0,350753688,744,5,1f4e1,f7fc2600,ulsched C0,0,46
297,0,350754875,298,1,82c,f7fc2600,ulsched C0,0,42
298,0,350755703,918,5,f1085,f7fc2600,ulsched C0,0,42
299,1,350756639,648,0,1,f7fc2e00,C0T1,0,42
300,1,350764187,278,0,0,ff106200,idle_thread,0,42
301,0,350764187,785,0,0,f7fc2600,ulsched C0,0,42
302,1,350765181,484,0,1,ff106200,idle_thread,0,42
303,0,350765693,925,5,1e5e1,f7fc2600,ulsched C0,0,42
304,0,350767073,493,5,204e1,f7fc2600,ulsched C0,0,42
305,0,350767977,843,5,1f4e1,f7fc2600,ulsched C0,0,42
306,1,350768860,655,0,1,f7fc5e00,MC-Sq-0,0,42
307,1,350769939,271,0,0,ff106200,idle_thread,0,42
308,0,350769939,687,0,0,f7fc2600,ulsched C0,0,42
309,1,350770639,477,0,1,f7fc5e00,MC-Sq-0,0,42
310,0,350771610,1700,5,2a041,f7fc2200,time server,0,42
311,0,350775418,1564,5,42,f7fc2600,ulsched C0,0,42
312,0,350777485,885,5,47,f7fc3200,C0T2,0,42
313,0,350882854,1037,0,59,f7fc2200,time server,0,42
314,0,350885164,550,5,1a1e1,f7fc2200,time server,0,42
315,0,350887253,816,5,65,f7fc2200,time server,0,42
316,2,350888089,686,0,1,f7fc3a00,ulsched C1,0,42
317,2,350889513,933,5,2a041,f7fc5a00,IDLE3,0,42
318,0,350890472,714,5,47,f7fc2200,time server,0,42
319,0,350892552,1635,5,42,f7fc3200,C0T2,0,42
320,2,350894207,1027,0,1,f7fc3a00,ulsched C1,0,42
321,2,350901809,809,5,204e1,f7fc3a00,ulsched C1,0,42
322,3,350903719,283,0,0,ff106a00,idle_thread,0,42
323,2,350903719,657,0,0,f7fc3a00,ulsched C1,0,42
324,3,350904390,493,0,1,ff106a00,idle_thread,0,42
325,2,350904945,860,5,1e5e1,f7fc3a00,ulsched C1,0,42
326,2,350906192,504,5,204e1,f7fc3a00,ulsched C1,0,42
327,2,350907063,1224,5,1f4e1,f7fc3a00,ulsched C1,0,42
328,2,350908664,701,5,234e1,f7fc3a00,ulsched C1,0,42
329,2,350909913,669,5,1e5e1,f7fc3a00,ulsched C1,0,42
330,2,350910899,452,5,204e1,f7fc3a00,ulsched C1,0,42
331,2,350911702,773,5,1f4e1,f7fc3a00,ulsched C1,0,42
332,3,350912492,700,0,1,f7fc4200,C1T1,0,42
333,3,350913614,283,0,0,ff106a00,idle_thread,0,42
334,2,350913614,636,0,0,f7fc3a00,ulsched C1,0,42
335,3,350914282,481,0,1,f7fc4200,C1T1,0,42
336,2,350915099,1532,5,2a041,f7fc3e00,C1T0,0,42
337,0,350916658,752,0,1,f7fc2200,time server,0,42
338,0,350920134,1433,5,42,f7fc3200,C0T2,0,42
339,2,350921588,768,0,1,f7fc3a00,ulsched C1,0,42
340,2,350922777,962,5,47,f7fc3e00,C1T0,0,42
341,0,351105533,823,0,59,f7fc2200,time server,0,42
342,0,351107447,529,5,1a1e1,f7fc2200,time server,0,42
343,0,351109387,674,5,65,f7fc2200,time server,0,42
344,2,351110113,986,0,1,f7fc3a00,ulsched C1,0,42
345,2,351111775,898,5,2a041,f7fc3e00,C1T0,0,42
346,0,351112697,850,5,47,f7fc2200,time server,0,42
347,0,351114818,1559,5,42,f7fc3200,C0T2,0,42
348,2,351116403,650,0,1,f7fc3a00,ulsched C1,0,42
349,3,351121260,269,0,0,ff106a00,idle_thread,0,42
350,2,351121260,1231,0,0,f7fc3a00,ulsched C1,0,42
351,3,351122506,462,0,1,ff106a00,idle_thread,0,42
352,2,351123158,797,5,1e5e1,f7fc3a00,ulsched C1,0,42
353,2,351124345,463,5,204e1,f7fc3a00,ulsched C1,0,42
354,2,351125167,846,5,1f4e1,f7fc3a00,ulsched C1,0,42
355,3,351126042,687,0,1,f7fc5600,IDLE2,0,42
356,3,351127167,272,0,0,ff106a00,idle_thread,0,42
357,2,351127167,653,0,0,f7fc3a00,ulsched C1,0,42
358,3,351127851,473,0,1,f7fc5600,IDLE2,0,42
359,2,351128646,1551,5,2a041,f7fc3e00,C1T0,0,42
360,0,351130220,923,0,1,f7fc2200,time server,0,42
361,0,351133779,1354,5,42,f7fc3200,C0T2,0,42
362,2,351135161,959,0,1,f7fc3a00,ulsched C1,0,42
363,2,351136518,930,5,47,f7fc3e00,C1T0,0,42
364,1,351182281,243,1,82c,f7fc5e00,MC-Sq-0,0,44
365,1,351183014,987,5,f3041,ff106200,idle_thread,0,44
366,2,351184027,695,0,1,f7fc3a00,ulsched C1,0,44
367,2,351185816,40259,1,82c,f7fc3a00,ulsched C1,0,43
368,2,351226568,749,5,f2085,f7fc3a00,ulsched C1,0,43
369,2,351227914,41422,1,82c,f7fc3a00,ulsched C1,0,45
370,2,351269933,906,5,f4085,f7fc3a00,ulsched C1,0,45
371,1,351270866,658,0,1,f7fc5e00,MC-Sq-0,0,45
372,2,351271705,1529,5,2a041,f7fc3e00,C1T0,0,45
373,1,351273252,157,1,84f,f7fc5e00,MC-Sq-0,0,499
374,0,351273437,775,0,1,f7fc2200,time server,0,499
375,0,351275522,1377,5,42,f7fc3200,C0T2,0,499
376,2,351276918,714,0,1,f7fc3a00,ulsched C1,0,499
377,0,351278256,34419,1,82c,f7fc3200,C0T2,0,41
378,2,351312698,1527,5,2a041,f7fc3e00,C1T0,0,41
379,0,351314246,1311,5,f0041,f7fc2600,ulsched C0,0,41
380,0,351315762,558,0,1,f7fc2600,ulsched C0,0,41
381,0,351320618,1249,5,2a041,f7fc2200,time server,0,41
382,0,351324224,1489,5,42,f7fc2200,time server,0,41
383,2,351325745,731,0,1,f7fc3a00,ulsched C1,0,41
384,2,351326874,901,5,47,f7fc3e00,C1T0,0,41
385,0,351327798,1245,5,42,f7fc2600,ulsched C0,0,41
386,0,351332161,790,5,204e1,f7fc2600,ulsched C0,0,41
387,0,351333733,916,5,1e5e1,f7fc2600,ulsched C0,0,41
388,0,351335053,476,5,204e1,f7fc2600,ulsched C0,0,41
389,0,351335880,1252,5,1f4e1,f7fc2600,ulsched C0,0,41
390,0,351337508,791,5,234e1,f7fc2600,ulsched C0,0,41
391,0,351339237,1496,5,2a041,f7fc2200,time server,0,41
392,0,351343131,1367,5,42,f7fc2600,ulsched C0,0,41
393,0,351344949,873,5,47,f7fc4e00,IDLE0,0,41
394,2,352019451,270,1,82c,f7fc3e00,C1T0,0,41
395,2,352020234,1270,5,f0041,f7fc3a00,ulsched C1,0,41
396,2,352023126,206,1,84f,f7fc3a00,ulsched C1,0,499
397,2,352026038,1459,5,2a041,ff106600,idle_thread,0,499
398,0,352027523,886,0,1,f7fc2200,time server,0,499
399,0,352029839,1553,5,42,f7fc4e00,IDLE0,0,499
400,2,352031413,1115,0,1,f7fc3a00,ulsched C1,0,499
401,2,352035285,783,5,204e1,f7fc3a00,ulsched C1,0,499
402,2,352037056,883,5,1e5e1,f7fc3a00,ulsched C1,0,499
403,2,352038283,498,5,204e1,f7fc3a00,ulsched C1,0,499
404,2,352039153,1189,5,1f4e1,f7fc3a00,ulsched C1,0,499
405,2,352040750,743,5,234e1,f7fc3a00,ulsched C1,0,499
406,2,352042369,1489,5,2a041,f7fc5a00,IDLE3,0,499
407,0,352043884,721,0,1,f7fc2200,time server,0,499
408,0,352046148,1446,5,42,f7fc4e00,IDLE0,0,499
409,2,352047615,730,0,1,f7fc3a00,ulsched C1,0,499
410,2,352048712,956,5,47,f7fc5a00,IDLE3,0,499
411,1,352224192,238,1,82c,f7fc5e00,MC-Sq-0,0,44
412,1,352224863,1006,5,f3041,ff106200,idle_thread,0,44
413,0,352225897,728,0,1,f7fc2600,ulsched C0,0,44
414,0,352228705,205,1,84f,f7fc2600,ulsched C0,0,499
415,0,352229314,38715,1,82c,f7fc2600,ulsched C0,0,43
416,0,352268584,728,5,f2085,f7fc2600,ulsched C0,0,43
417,0,352269949,775,5,204e1,f7fc2600,ulsched C0,0,43
418,0,352271186,851,5,1f4e1,f7fc2600,ulsched C0,0,43
419,1,352272058,719,0,1,f7fc3600,C0T3,0,43
420,0,352272799,38521,1,82c,f7fc2600,ulsched C0,0,45
421,0,352311749,594,5,f4085,f7fc2600,ulsched C0,0,45
422,0,352316716,1800,5,2a041,f7fc2200,time server,0,45
423,0,352320269,1453,5,42,f7fc2600,ulsched C0,0,45
424,0,352324183,836,5,204e1,f7fc2600,ulsched C0,0,45
425,0,352325632,890,5,1e5e1,f7fc2600,ulsched C0,0,45
426,0,352327014,474,5,204e1,f7fc2600,ulsched C0,0,45
427,0,352327830,1246,5,1f4e1,f7fc2600,ulsched C0,0,45
428,0,352329470,747,5,234e1,f7fc2600,ulsched C0,0,45
429,0,352331150,1389,5,2a041,f7fc2200,time server,0,45
430,0,352334440,1430,5,42,f7fc2600,ulsched C0,0,45
431,0,352336326,856,5,47,f7fc5e00,MC-Sq-0,0,45
432,0,352338043,212,1,84f,f7fc5e00,MC-Sq-0,0,499
433,0,353037824,1109,0,59,f7fc2200,time server,0,499
434,0,353040275,527,5,1a1e1,f7fc2200,time server,0,499
435,0,353044112,1008,5,47,f7fc5e00,MC-Sq-0,0,499
436,1,353223510,248,1,82c,f7fc3600,C0T3,0,41
437,1,353224120,979,5,f0041,ff106200,idle_thread,0,41
438,0,353225128,1051,0,1,f7fc2600,ulsched C0,0,41
439,0,353230507,1751,5,2a041,f7fc2200,time server,0,41
440,0,353234026,1443,5,42,f7fc2600,ulsched C0,0,41
441,0,353238445,836,5,204e1,f7fc2600,ulsched C0,0,41
442,0,353240283,853,5,1e5e1,f7fc2600,ulsched C0,0,41
443,0,353241475,470,5,204e1,f7fc2600,ulsched C0,0,41
444,0,353242327,926,5,1f4e1,f7fc2600,ulsched C0,0,41
445,1,353243267,711,0,1,f7fc4e00,IDLE0,0,41
446,1,353244454,311,0,0,ff106200,idle_thread,0,41
447,0,353244454,800,0,0,f7fc2600,ulsched C0,0,41
448,1,353245272,505,0,1,f7fc4e00,IDLE0,0,41
449,0,353246195,1540,5,2a041,f7fc2200,time server,0,41
450,0,353249724,1410,5,42,f7fc2600,ulsched C0,0,41
451,0,353251604,895,5,47,f7fc5e00,MC-Sq-0,0,41
452,0,353324303,303,1,82c,f7fc5e00,MC-Sq-0,0,44
453,0,353325250,1288,5,f3041,ffddd200,idle_thread,0,44
454,2,353326564,715,0,1,f7fc3a00,ulsched C1,0,44
455,2,353328578,39407,1,82c,f7fc3a00,ulsched C1,0,43
456,2,353368471,697,5,f2085,f7fc3a00,ulsched C1,0,43
457,2,353371605,39665,1,82c,f7fc3a00,ulsched C1,0,45
458,2,353411882,955,5,f4085,f7fc3a00,ulsched C1,0,45
459,0,353412867,898,0,1,f7fc5e00,MC-Sq-0,0,45
460,2,353413789,1536,5,2a041,f7fc5a00,IDLE3,0,45
461,0,353415347,190,1,84f,f7fc5e00,MC-Sq-0,0,499
462,0,353415745,801,0,1,f7fc2200,time server,0,499
463,0,353418036,1657,5,42,f7fc5e00,MC-Sq-0,0,499
464,2,353419712,1059,0,1,f7fc3a00,ulsched C1,0,499
465,2,353425173,1504,5,2a041,f7fc5a00,IDLE3,0,499
466,0,353426700,800,0,1,f7fc2200,time server,0,499
467,0,353429232,1453,5,42,f7fc5e00,MC-Sq-0,0,499
468,2,353430711,690,0,1,f7fc3a00,ulsched C1,0,499
469,2,353431799,965,5,47,f7fc5a00,IDLE3,0,499
470,0,354375273,253,1,82c,f7fc5e00,MC-Sq-0,0,44
471,0,354376023,1277,5,f3041,f7fc2600,ulsched C0,0,44
472,0,354379246,206,1,84f,f7fc2600,ulsched C0,0,499
473,0,354379844,38979,1,82c,f7fc2600,ulsched C0,0,43
474,0,354419423,763,5,f2085,f7fc2600,ulsched C0,0,43
475,0,354423170,39007,1,82c,f7fc2600,ulsched C0,0,45
476,0,354462650,1304,5,f4085,f7fc2600,ulsched C0,0,45
477,0,354465060,1501,5,2a041,f7fc2200,time server,0,45
478,0,354468258,1390,5,42,f7fc2600,ulsched C0,0,45
479,1,354472973,269,0,0,ff106200,idle_thread,0,45
480,0,354472973,830,0,0,f7fc2600,ulsched C0,0,45
481,1,354473814,477,0,1,ff106200,idle_thread,0,45
482,0,354474501,913,5,1e5e1,f7fc2600,ulsched C0,0,45
483,0,354475819,476,5,204e1,f7fc2600,ulsched C0,0,45
484,0,354476648,882,5,1f4e1,f7fc2600,ulsched C0,0,45
485,1,354477546,672,0,1,f7fc2a00,C0T0,0,45
486,1,354478665,314,0,0,ff106200,idle_thread,0,45
487,0,354478665,697,0,0,f7fc2600,ulsched C0,0,45
488,1,354479379,483,0,1,f7fc2a00,C0T0,0,45
489,0,354480273,1489,5,2a041,f7fc2200,time server,0,45
490,0,354483699,1412,5,42,f7fc2600,ulsched C0,0,45
491,0,354485609,842,5,47,f7fc5e00,MC-Sq-0,0,45
492,0,354487232,220,1,84f,f7fc5e00,MC-Sq-0,0,499
493,1,355430169,243,1,82c,f7fc2a00,C0T0,0,41
494,1,355431055,958,5,f0041,ff106200,idle_thread,0,41
495,0,355432042,906,0,1,f7fc2600,ulsched C0,0,41
496,0,355437298,1694,5,2a041,f7fc2200,time server,0,41
497,0,355440625,1386,5,42,f7fc2600,ulsched C0,0,41
498,0,355444897,826,5,204e1,f7fc2600,ulsched C0,0,41
499,0,355446540,935,5,1e5e1,f7fc2600,ulsched C0,0,41
500,0,355447833,445,5,204e1,f7fc2600,ulsched C0,0,41
501,0,355448703,929,5,1f4e1,f7fc2600,ulsched C0,0,41
502,1,355449658,707,0,1,f7fc4e00,IDLE0,0,41
503,1,355450855,298,0,0,ff106200,idle_thread,0,41
504,0,355450855,745,0,0,f7fc2600,ulsched C0,0,41
505,1,355451612,489,0,1,f7fc4e00,IDLE0,0,41
506,0,355452575,1480,5,2a041,f7fc2200,time server,0,41
507,0,355456094,1396,5,42,f7fc2600,ulsched C0,0,41
508,0,355457922,832,5,47,f7fc5e00,MC-Sq-0,0,41
509,0,355465340,8590,1,82c,f7fc5e00,MC-Sq-0,0,44
510,0,355474539,1278,5,f3041,f7fc2600,ulsched C0,0,44
511,0,355477805,191,1,84f,f7fc2600,ulsched C0,0,499
512,0,355478411,38819,1,82c,f7fc2600,ulsched C0,0,43
513,0,355517507,1200,0,59,f7fc2600,ulsched C0,0,43
514,0,355519286,771,5,f2085,f7fc2600,ulsched C0,0,43
515,0,355520727,619,5,204e1,f7fc2600,ulsched C0,0,43
516,0,355521767,1164,5,1f4e1,f7fc2600,ulsched C0,0,43
517,0,355523349,37103,1,82c,f7fc2600,ulsched C0,0,45
518,0,355561042,667,5,f4085,f7fc2600,ulsched C0,0,45
519,0,355565568,1215,5,2a041,f7fc2200,time server,0,45
520,0,355568192,537,5,1a1e1,f7fc2200,time server,0,45
521,0,355571825,771,5,47,f7fc2200,time server,0,45
522,0,355574171,1435,5,42,f7fc2600,ulsched C0,0,45
523,0,355577281,238,1,84f,f7fc2600,ulsched C0,0,499
524,0,355578190,712,5,204e1,f7fc2600,ulsched C0,0,499
525,0,355579396,662,5,1f4e1,f7fc2600,ulsched C0,0,499
526,0,355580497,23372,1,82c,f7fc2600,ulsched C0,0,42
527,0,355604386,874,5,f1085,f7fc2600,ulsched C0,0,42
528,1,355611970,295,0,0,ff106200,idle_thread,0,42
529,0,355611970,778,0,0,f7fc2600,ulsched C0,0,42
530,1,355612757,650,0,1,f7fc3600,C0T3,0,42
531,0,355613442,854,5,1e5e1,f7fc2600,ulsched C0,0,42
532,0,355614780,461,5,204e1,f7fc2600,ulsched C0,0,42
533,0,355615588,833,5,1f4e1,f7fc2600,ulsched C0,0,42
534,1,355616457,781,0,1,f7fc5e00,MC-Sq-0,0,42
535,1,355617690,309,0,0,ff106200,idle_thread,0,42
536,0,355617690,728,0,0,f7fc2600,ulsched C0,0,42
537,1,355618427,537,0,1,f7fc5e00,MC-Sq-0,0,42
538,1,355619293,168,1,84f,f7fc5e00,MC-Sq-0,0,499
539,0,355619486,1709,5,2a041,f7fc2200,time server,0,499
540,0,355623798,1518,5,42,f7fc2600,ulsched C0,0,499
541,0,355625779,927,5,47,f7fc3200,C0T2,0,499
542,0,355849420,1118,0,59,f7fc2200,time server,0,499
543,0,355851767,597,5,1a1e1,f7fc2200,time server,0,499
544,0,355854251,791,5,65,f7fc2200,time server,0,499
545,2,355855070,1045,0,1,f7fc3a00,ulsched C1,0,499
546,2,355856787,930,5,2a041,f7fc5a00,IDLE3,0,499
547,0,355857742,721,5,47,f7fc2200,time server,0,499
548,0,355859919,1618,5,42,f7fc3200,C0T2,0,499
549,2,355861563,672,0,1,f7fc3a00,ulsched C1,0,499
550,2,355866319,751,5,204e1,f7fc3a00,ulsched C1,0,499
551,2,355867748,859,5,1e5e1,f7fc3a00,ulsched C1,0,499
552,2,355868950,516,5,204e1,f7fc3a00,ulsched C1,0,499
553,2,355869840,1193,5,1f4e1,f7fc3a00,ulsched C1,0,499
554,2,355871416,768,5,234e1,f7fc3a00,ulsched C1,0,499
555,2,355873101,1483,5,2a041,f7fc4600,C1T2,0,499
556,0,355874606,823,0,1,f7fc2200,time server,0,499
557,0,355878131,1427,5,42,f7fc3200,C0T2,0,499
558,2,355879584,732,0,1,f7fc3a00,ulsched C1,0,499
559,2,355880689,890,5,47,f7fc4600,C1T2,0,499
560,0,355889733,874,0,59,f7fc2200,time server,0,499
561,0,355891737,488,5,1a1e1,f7fc2200,time server,0,499
562,0,355893559,677,5,65,f7fc2200,time server,0,499
563,2,355894269,673,0,1,f7fc3a00,ulsched C1,0,499
564,2,355895600,915,5,2a041,f7fc4600,C1T2,0,499
565,0,355896540,630,5,47,f7fc2200,time server,0,499
566,0,355898445,1502,5,42,f7fc3200,C0T2,0,499
567,2,355899970,685,0,1,f7fc3a00,ulsched C1,0,499
568,2,355907103,804,5,204e1,f7fc3a00,ulsched C1,0,499
569,3,355908757,275,0,0,ff106a00,idle_thread,0,499
570,2,355908757,640,0,0,f7fc3a00,ulsched C1,0,499
571,3,355909406,470,0,1,ff106a00,idle_thread,0,499
572,2,355909940,791,5,1e5e1,f7fc3a00,ulsched C1,0,499
573,2,355911072,445,5,204e1,f7fc3a00,ulsched C1,0,499
574,2,355911862,1182,5,1f4e1,f7fc3a00,ulsched C1,0,499
575,2,355913418,660,5,234e1,f7fc3a00,ulsched C1,0,499
576,2,355914592,623,5,1e5e1,f7fc3a00,ulsched C1,0,499
577,2,355915567,445,5,204e1,f7fc3a00,ulsched C1,0,499
578,2,355916359,749,5,1f4e1,f7fc3a00,ulsched C1,0,499
579,3,355917129,684,0,1,f7fc3e00,C1T0,0,499
580,3,355918261,301,0,0,ff106a00,idle_thread,0,499
581,2,355918261,639,0,0,f7fc3a00,ulsched C1,0,499
582,3,355918909,478,0,1,f7fc3e00,C1T0,0,499
583,2,355919751,1438,5,2a041,f7fc4200,C1T1,0,499
584,0,355921218,1155,0,1,f7fc2200,time server,0,499
585,0,355924983,1417,5,42,f7fc3200,C0T2,0,499
586,2,355926420,1076,0,1,f7fc3a00,ulsched C1,0,499
587,2,355927941,923,5,47,f7fc4200,C1T1,0,499
588,0,356110379,801,0,59,f7fc2200,time server,0,499
589,0,356112220,469,5,1a1e1,f7fc2200,time server,0,499
590,0,356114058,677,5,65,f7fc2200,time server,0,499
591,2,356114775,984,0,1,f7fc3a00,ulsched C1,0,499
592,2,356116391,894,5,2a041,f7fc4200,C1T1,0,499
593,0,356117310,627,5,47,f7fc2200,time server,0,499
594,0,356119150,1485,5,42,f7fc3200,C0T2,0,499
595,2,356120661,641,0,1,f7fc3a00,ulsched C1,0,499
596,2,356124769,735,5,204e1,f7fc3a00,ulsched C1,0,499
597,2,356126118,729,5,1e5e1,f7fc3a00,ulsched C1,0,499
598,2,356127206,468,5,204e1,f7fc3a00,ulsched C1,0,499
599,2,356128028,1133,5,1f4e1,f7fc3a00,ulsched C1,0,499
600,2,356129535,637,5,234e1,f7fc3a00,ulsched C1,0,499
601,2,356131014,1523,5,2a041,f7fc4600,C1T2,0,499
602,0,356132564,976,0,1,f7fc2200,time server,0,499
603,0,356135049,1416,5,42,f7fc3200,C0T2,0,499
604,2,356136488,722,0,1,f7fc3a00,ulsched C1,0,499
605,2,356137597,953,5,47,f7fc4600,C1T2,0,499
606,1,356570018,254,1,82c,f7fc5e00,MC-Sq-0,0,44
607,1,356570710,1196,5,f3041,f7fc3600,C0T3,0,44
608,0,356571934,689,0,1,f7fc2600,ulsched C0,0,44
609,0,356574060,39828,1,82c,f7fc2600,ulsched C0,0,43
610,0,356614538,702,5,f2085,f7fc2600,ulsched C0,0,43
611,0,356615962,719,5,204e1,f7fc2600,ulsched C0,0,43
612,0,356617123,931,5,1f4e1,f7fc2600,ulsched C0,0,43
613,0,356618408,38731,1,82c,f7fc2600,ulsched C0,0,45
614,0,356657732,655,5,f4085,f7fc2600,ulsched C0,0,45
615,0,356659932,1506,5,2a041,f7fc2200,time server,0,45
616,0,356663148,1414,5,42,f7fc2600,ulsched C0,0,45
617,0,356666996,1467,5,2a041,f7fc2200,time server,0,45
618,0,356671587,1305,5,42,f7fc2600,ulsched C0,0,45
619,0,356673364,891,5,47,f7fc3200,C0T2,0,45
620,0,356729718,270,1,82c,f7fc3200,C0T2,0,41
621,0,356730533,1300,5,f0041,f7fc2600,ulsched C0,0,41
622,0,356733298,220,1,84f,f7fc2600,ulsched C0,0,499
623,0,356734492,784,5,204e1,f7fc2600,ulsched C0,0,499
624,0,356735750,1194,5,1f4e1,f7fc2600,ulsched C0,0,499
625,0,356737593,1399,5,2a041,f7fc2200,time server,0,499
626,0,356740671,1381,5,42,f7fc2600,ulsched C0,0,499
627,0,356744302,1356,5,2a041,f7fc2200,time server,0,499
628,0,356747840,1347,5,42,f7fc2600,ulsched C0,0,499
629,0,356749621,846,5,47,f7fc5e00,MC-Sq-0,0,499
630,0,356751255,177,1,84f,f7fc5e00,MC-Sq-0,0,499
631,3,356869756,250,1,82c,f7fc3e00,C1T0,0,41
632,3,356870389,1003,5,f0041,ff106a00,idle_thread,0,41
633,2,356871421,695,0,1,f7fc3a00,ulsched C1,0,41
634,2,356873600,250,1,84f,f7fc3a00,ulsched C1,0,499
635,2,356876515,1716,5,2a041,f7fc4600,C1T2,0,499
636,0,356878257,915,0,1,f7fc2200,time server,0,499
637,0,356880675,1636,5,42,f7fc5e00,MC-Sq-0,0,499
638,2,356882335,1027,0,1,f7fc3a00,ulsched C1,0,499
639,2,356885872,797,5,204e1,f7fc3a00,ulsched C1,0,499
640,2,356887406,910,5,1e5e1,f7fc3a00,ulsched C1,0,499
641,2,356888703,508,5,204e1,f7fc3a00,ulsched C1,0,499
642,2,356889547,869,5,1f4e1,f7fc3a00,ulsched C1,0,499
643,3,356890438,704,0,1,f7fc5600,IDLE2,0,499
644,3,356891590,287,0,0,ff106a00,idle_thread,0,499
645,2,356891590,743,0,0,f7fc3a00,ulsched C1,0,499
646,3,356892352,503,0,1,f7fc5600,IDLE2,0,499
647,2,356893196,1512,5,2a041,f7fc4600,C1T2,0,499
648,0,356894734,727,0,1,f7fc2200,time server,0,499
649,0,356897091,1420,5,42,f7fc5e00,MC-Sq-0,0,499
650,2,356898522,1028,0,1,f7fc3a00,ulsched C1,0,499
651,2,356899986,934,5,47,f7fc4600,C1T2,0,499
652,2,357089060,273,1,82c,f7fc4600,C1T2,0,41
653,2,357089881,1220,5,f0041,f7fc3a00,ulsched C1,0,41
654,2,357094627,1423,5,2a041,ff106600,idle_thread,0,41
655,0,357096075,974,0,1,f7fc2200,time server,0,41
656,0,357098379,1410,5,42,f7fc5e00,MC-Sq-0,0,41
657,2,357099813,1173,0,1,f7fc3a00,ulsched C1,0,41
658,2,357103693,731,5,204e1,f7fc3a00,ulsched C1,0,41
659,2,357105113,880,5,1e5e1,f7fc3a00,ulsched C1,0,41
660,2,357106355,461,5,204e1,f7fc3a00,ulsched C1,0,41
661,2,357107183,1252,5,1f4e1,f7fc3a00,ulsched C1,0,41
662,2,357108819,724,5,234e1,f7fc3a00,ulsched C1,0,41
663,2,357110440,1470,5,2a041,f7fc5a00,IDLE3,0,41
664,0,357111934,923,0,1,f7fc2200,time server,0,41
665,0,357114456,1345,5,42,f7fc5e00,MC-Sq-0,0,41
666,2,357115824,742,0,1,f7fc3a00,ulsched C1,0,41
667,2,357116983,966,5,47,f7fc5a00,IDLE3,0,41
668,0,357443029,963,0,59,f7fc2200,time server,0,41
669,0,357445294,551,5,1a1e1,f7fc2200,time server,0,41
670,0,357447345,1062,5,65,f7fc2200,time server,0,41
671,0,357450531,929,5,47,f7fc2600,ulsched C0,0,41
672,0,357452275,1380,5,2a041,f7fc2200,time server,0,41
673,0,357455113,1269,5,42,f7fc2600,ulsched C0,0,41
674,0,357460691,831,5,204e1,f7fc2600,ulsched C0,0,41
675,0,357462196,935,5,1e5e1,f7fc2600,ulsched C0,0,41
676,0,357463510,515,5,204e1,f7fc2600,ulsched C0,0,41
677,0,357464365,891,5,1f4e1,f7fc2600,ulsched C0,0,41
678,0,357465630,751,5,234e1,f7fc2600,ulsched C0,0,41
679,0,357467275,1533,5,2a041,f7fc2200,time server,0,41
680,0,357471963,1468,5,42,f7fc2600,ulsched C0,0,41
681,0,357473929,913,5,47,f7fc5e00,MC-Sq-0,0,41
682,1,357519587,252,1,82c,f7fc3600,C0T3,0,41
683,1,357520211,1146,5,f0041,f7fc4e00,IDLE0,0,41
684,0,357521386,837,0,1,f7fc2600,ulsched C0,0,41
685,0,357524290,1550,5,2a041,f7fc2200,time server,0,41
686,0,357527357,1307,5,42,f7fc2600,ulsched C0,0,41
687,0,357531167,1363,5,2a041,f7fc2200,time server,0,41
688,0,357535443,1303,5,42,f7fc2600,ulsched C0,0,41
689,0,357537221,887,5,47,f7fc5e00,MC-Sq-0,0,41
690,0,357754193,963,0,59,f7fc2200,time server,0,41
691,0,357756417,540,5,1a1e1,f7fc2200,time server,0,41
692,0,357758750,1105,5,65,f7fc2200,time server,0,41
693,0,357761833,905,5,47,f7fc2600,ulsched C0,0,41
694,0,357763798,1309,5,2a041,f7fc2200,time server,0,41
695,0,357766571,1279,5,42,f7fc2600,ulsched C0,0,41
696,0,357769531,842,5,204e1,f7fc2600,ulsched C0,0,41
697,0,357770814,690,5,1f4e1,f7fc2600,ulsched C0,0,41
698,0,357774224,355,1,82c,f7fc2600,ulsched C0,0,46
699,0,357775235,1054,5,f5045,f7fc2600,ulsched C0,0,46
700,2,357776311,678,0,1,f7fc3a00,ulsched C1,0,46
701,0,357777970,669,5,204e1,f7fc2600,ulsched C0,0,46
702,0,357779607,903,5,1e5e1,f7fc2600,ulsched C0,0,46
703,2,357780591,1662,5,2a041,f7fc5a00,IDLE3,0,46
704,0,357782273,500,5,204e1,f7fc2600,ulsched C0,0,46
705,0,357783131,1237,5,1f4e1,f7fc2600,ulsched C0,0,46
706,0,357784754,706,5,234e1,f7fc2600,ulsched C0,0,46
707,0,357786411,1078,5,2a041,f7fc2200,time server,0,46
708,0,357789212,1553,5,42,f7fc2200,time server,0,46
709,2,357790782,706,0,1,f7fc3a00,ulsched C1,0,46
710,0,357792616,1331,5,42,f7fc2600,ulsched C0,0,46
711,2,357793961,763,5,204e1,f7fc3a00,ulsched C1,0,46
712,0,357794738,927,5,47,f7fc5200,IDLE1,0,46
713,2,357795678,805,5,1e5e1,f7fc3a00,ulsched C1,0,46
714,2,357796941,486,5,204e1,f7fc3a00,ulsched C1,0,46
715,2,357797805,1165,5,1f4e1,f7fc3a00,ulsched C1,0,46
716,2,357799368,723,5,234e1,f7fc3a00,ulsched C1,0,46
717,2,357800917,1501,5,2a041,f7fc5e00,MC-Sq-0,0,46
718,0,357802446,1208,0,1,f7fc2200,time server,0,46
719,0,357806548,1524,5,42,f7fc5200,IDLE1,0,46
720,2,357808108,1037,0,1,f7fc3a00,ulsched C1,0,46
721,2,357809547,959,5,47,f7fc5e00,MC-Sq-0,0,46
722,2,357821354,285,1,82c,f7fc5e00,MC-Sq-0,0,44
723,2,357822244,1139,5,f3041,ff106600,idle_thread,0,44
724,0,357823412,1033,0,1,f7fc2600,ulsched C0,0,44
725,0,357825813,203,1,84f,f7fc2600,ulsched C0,0,499
726,0,357826395,35042,1,82c,f7fc2600,ulsched C0,0,43
727,0,357861990,751,5,f2085,f7fc2600,ulsched C0,0,43
728,0,357863367,41411,1,82c,f7fc2600,ulsched C0,0,45
729,0,357905223,871,5,f4085,f7fc2600,ulsched C0,0,45
730,2,357906113,775,0,1,f7fc5e00,MC-Sq-0,0,45
731,2,357908545,176,1,84f,f7fc5e00,MC-Sq-0,0,499
732,0,357910346,1367,5,42,f7fc2600,ulsched C0,0,499
733,0,357914235,1507,5,2a041,f7fc2200,time server,0,499
734,0,357917558,1344,5,42,f7fc2600,ulsched C0,0,499
735,0,357919327,810,5,47,f7fc5200,IDLE1,0,499
736,0,358041228,1048,0,59,f7fc2200,time server,0,499
737,0,358043562,596,5,1a1e1,f7fc2200,time server,0,499
738,0,358045646,762,5,65,f7fc2200,time server,0,499
739,2,358046431,861,0,1,f7fc3a00,ulsched C1,0,499
740,2,358048018,1012,5,2a041,f7fc5e00,MC-Sq-0,0,499
741,0,358049052,775,5,47,f7fc2200,time server,0,499
742,0,358051183,1559,5,42,f7fc5200,IDLE1,0,499
743,2,358052765,686,0,1,f7fc3a00,ulsched C1,0,499
744,2,358054863,743,5,204e1,f7fc3a00,ulsched C1,0,499
745,2,358056094,675,5,1f4e1,f7fc3a00,ulsched C1,0,499
746,2,358062519,726,5,204e1,f7fc3a00,ulsched C1,0,499
747,2,358063975,834,5,1e5e1,f7fc3a00,ulsched C1,0,499
748,2,358065259,465,5,204e1,f7fc3a00,ulsched C1,0,499
749,2,358066104,1143,5,1f4e1,f7fc3a00,ulsched C1,0,499
750,2,358067666,691,5,234e1,f7fc3a00,ulsched C1,0,499
751,2,358069386,1545,5,2a041,f7fc5e00,MC-Sq-0,0,499
752,0,358070945,937,0,1,f7fc2200,time server,0,499
753,0,358074640,1411,5,42,f7fc5200,IDLE1,0,499
754,2,358076067,1052,0,1,f7fc3a00,ulsched C1,0,499
755,2,358077569,939,5,47,f7fc5e00,MC-Sq-0,0,499
756,2,358884708,282,1,82c,f7fc5e00,MC-Sq-0,0,44
757,2,358885569,1195,5,f3041,f7fc3a00,ulsched C1,0,44
758,2,358887929,197,1,84f,f7fc3a00,ulsched C1,0,499
759,2,358888570,40058,1,82c,f7fc3a00,ulsched C1,0,43
760,2,358929115,752,5,f2085,f7fc3a00,ulsched C1,0,43
761,2,358930406,41541,1,82c,f7fc3a00,ulsched C1,0,45
762,2,358972570,1177,5,f4085,f7fc3a00,ulsched C1,0,45
763,2,358974814,1445,5,2a041,f7fc5e00,MC-Sq-0,0,45
764,0,358976288,1034,0,1,f7fc2200,time server,0,45
765,2,358977482,177,1,84f,f7fc5e00,MC-Sq-0,0,499
766,0,358978658,1350,5,42,f7fc5200,IDLE1,0,499
767,2,358980037,864,0,1,f7fc3a00,ulsched C1,0,499
768,0,358982097,848,0,59,f7fc2200,time server,0,499
769,2,358982969,795,5,204e1,f7fc3a00,ulsched C1,0,499
770,0,358984087,513,5,1a1e1,f7fc2200,time server,0,499
771,2,358984618,718,5,1f4e1,f7fc3a00,ulsched C1,0,499
772,2,358985801,29481,1,82c,f7fc3a00,ulsched C1,0,42
773,0,359015307,557,5,65,f7fc2200,time server,0,42
774,2,359015890,1168,5,f1085,f7fc3a00,ulsched C1,0,42
775,0,359017680,949,5,47,f7fc5200,IDLE1,0,42
776,2,359021463,768,5,204e1,f7fc3a00,ulsched C1,0,42
777,2,359022870,917,5,1e5e1,f7fc3a00,ulsched C1,0,42
778,2,359024142,481,5,204e1,f7fc3a00,ulsched C1,0,42
779,2,359024990,1147,5,1f4e1,f7fc3a00,ulsched C1,0,42
780,2,359026520,710,5,234e1,f7fc3a00,ulsched C1,0,42
781,2,359028228,1525,5,2a041,f7fc5a00,IDLE3,0,42
782,0,359029781,700,0,1,f7fc2200,time server,0,42
783,0,359033142,1448,5,42,f7fc5200,IDLE1,0,42
784,2,359034616,829,0,1,f7fc3a00,ulsched C1,0,42
785,2,359035864,520,5,47,f7fc3a00,ulsched C1,0,42
786,2,359037070,1323,5,2a041,f7fc5a00,IDLE3,0,42
787,0,359038421,715,0,1,f7fc2200,time server,0,42
788,0,359040438,1357,5,42,f7fc5200,IDLE1,0,42
789,2,359041822,676,0,1,f7fc3a00,ulsched C1,0,42
790,2,359044779,1329,5,2a041,f7fc5a00,IDLE3,0,42
791,0,359046133,674,0,1,f7fc2200,time server,0,42
792,0,359049362,1339,5,42,f7fc5200,IDLE1,0,42
793,2,359050727,703,0,1,f7fc3a00,ulsched C1,0,42
794,2,359051773,903,5,47,f7fc5a00,IDLE3,0,42
795,0,360825926,834,0,59,f7fc2200,time server,0,42
796,0,360827827,468,5,1a1e1,f7fc2200,time server,0,42
797,0,360829675,710,5,65,f7fc2200,time server,0,42
798,2,360830411,688,0,1,f7fc3a00,ulsched C1,0,42
799,2,360831761,959,5,2a041,f7fc5a00,IDLE3,0,42
800,0,360832747,615,5,47,f7fc2200,time server,0,42
801,0,360834626,1535,5,42,f7fc5200,IDLE1,0,42
802,2,360836184,1012,0,1,f7fc3a00,ulsched C1,0,42
803,2,360841619,723,5,204e1,f7fc3a00,ulsched C1,0,42
804,2,360842946,836,5,1e5e1,f7fc3a00,ulsched C1,0,42
805,2,360844166,471,5,204e1,f7fc3a00,ulsched C1,0,42
806,2,360844987,1143,5,1f4e1,f7fc3a00,ulsched C1,0,42
807,2,360846541,739,5,234e1,f7fc3a00,ulsched C1,0,42
808,2,360848176,1505,5,2a041,f7fc4a00,C1T3,0,42
809,0,360849709,736,0,1,f7fc2200,time server,0,42
810,0,360852998,1380,5,42,f7fc5200,IDLE1,0,42
811,2,360854399,758,0,1,f7fc3a00,ulsched C1,0,42
812,2,360855616,938,5,47,f7fc4a00,C1T3,0,42
813,0,360895506,867,0,59,f7fc2200,time server,0,42
814,0,360897361,476,5,1a1e1,f7fc2200,time server,0,42
815,0,360899544,686,5,65,f7fc2200,time server,0,42
816,2,360900259,992,0,1,f7fc3a00,ulsched C1,0,42
817,2,360901934,936,5,2a041,f7fc4a00,C1T3,0,42
818,0,360902894,872,5,47,f7fc2200,time server,0,42
819,0,360904995,1498,5,42,f7fc5200,IDLE1,0,42
820,2,360906519,640,0,1,f7fc3a00,ulsched C1,0,42
821,2,360913553,733,5,204e1,f7fc3a00,ulsched C1,0,42
822,3,360915381,272,0,0,ff106a00,idle_thread,0,42
823,2,360915381,627,0,0,f7fc3a00,ulsched C1,0,42
824,3,360916022,475,0,1,ff106a00,idle_thread,0,42
825,2,360916570,796,5,1e5e1,f7fc3a00,ulsched C1,0,42
826,2,360917727,471,5,204e1,f7fc3a00,ulsched C1,0,42
827,2,360918545,1142,5,1f4e1,f7fc3a00,ulsched C1,0,42
828,2,360920083,666,5,234e1,f7fc3a00,ulsched C1,0,42
829,2,360921301,611,5,1e5e1,f7fc3a00,ulsched C1,0,42
830,2,360922230,454,5,204e1,f7fc3a00,ulsched C1,0,42
831,2,360923004,742,5,1f4e1,f7fc3a00,ulsched C1,0,42
832,3,360923780,667,0,1,f7fc3e00,C1T0,0,42
833,3,360924882,314,0,0,ff106a00,idle_thread,0,42
834,2,360924882,682,0,0,f7fc3a00,ulsched C1,0,42
835,3,360925573,471,0,1,f7fc3e00,C1T0,0,42
836,2,360926412,1451,5,2a041,f7fc4200,C1T1,0,42
837,0,360927891,1007,0,1,f7fc2200,time server,0,42
838,0,360931476,1392,5,42,f7fc5200,IDLE1,0,42
839,2,360932882,716,0,1,f7fc3a00,ulsched C1,0,42
840,2,360934049,898,5,47,f7fc4200,C1T1,0,42
841,0,361117881,826,0,59,f7fc2200,time server,0,42
842,0,361119736,483,5,1a1e1,f7fc2200,time server,0,42
843,0,361121544,658,5,65,f7fc2200,time server,0,42
844,2,361122222,898,0,1,f7fc3a00,ulsched C1,0,42
845,2,361123785,897,5,2a041,f7fc4200,C1T1,0,42
846,0,361124704,632,5,47,f7fc2200,time server,0,42
847,0,361126609,1460,5,42,f7fc5200,IDLE1,0,42
848,2,361128095,644,0,1,f7fc3a00,ulsched C1,0,42
849,2,361132283,712,5,204e1,f7fc3a00,ulsched C1,0,42
850,2,361133917,729,5,1e5e1,f7fc3a00,ulsched C1,0,42
851,2,361135019,500,5,204e1,f7fc3a00,ulsched C1,0,42
852,2,361135864,1125,5,1f4e1,f7fc3a00,ulsched C1,0,42
853,2,361137391,644,5,234e1,f7fc3a00,ulsched C1,0,42
854,2,361138882,1447,5,2a041,f7fc4a00,C1T3,0,42
855,0,361140356,705,0,1,f7fc2200,time server,0,42
856,0,361143961,1422,5,42,f7fc5200,IDLE1,0,42
857,2,361145408,734,0,1,f7fc3a00,ulsched C1,0,42
858,2,361146566,915,5,47,f7fc4a00,C1T3,0,42
859,3,361876239,246,1,82c,f7fc3e00,C1T0,0,41
860,3,361876832,932,5,f0041,ff106a00,idle_thread,0,41
861,2,361877793,667,0,1,f7fc3a00,ulsched C1,0,41
862,2,361880142,236,1,84f,f7fc3a00,ulsched C1,0,499
863,2,361881276,737,5,204e1,f7fc3a00,ulsched C1,0,499
864,2,361882487,867,5,1f4e1,f7fc3a00,ulsched C1,0,499
865,3,361883387,708,0,1,f7fc5e00,MC-Sq-0,0,499
866,2,361884119,1420,5,2a041,f7fc4a00,C1T3,0,499
867,0,361885563,720,0,1,f7fc2200,time server,0,499
868,0,361887526,1301,5,42,f7fc5200,IDLE1,0,499
869,2,361888846,745,0,1,f7fc3a00,ulsched C1,0,499
870,2,361891695,1340,5,2a041,f7fc4a00,C1T3,0,499
871,0,361893050,672,0,1,f7fc2200,time server,0,499
872,0,361896332,1331,5,42,f7fc5200,IDLE1,0,499
873,2,361897689,716,0,1,f7fc3a00,ulsched C1,0,499
874,2,361898773,965,5,47,f7fc4a00,C1T3,0,499
875,2,362058343,283,1,82c,f7fc4a00,C1T3,0,41
876,2,362059166,1172,5,f0041,f7fc3a00,ulsched C1,0,41
877,2,362064149,1469,5,2a041,ff106600,idle_thread,0,41
878,0,362065641,682,0,1,f7fc2200,time server,0,41
879,0,362067641,1337,5,42,f7fc5200,IDLE1,0,41
880,2,362068999,810,0,1,f7fc3a00,ulsched C1,0,41
881,2,362072351,710,5,204e1,f7fc3a00,ulsched C1,0,41
882,2,362074055,871,5,1e5e1,f7fc3a00,ulsched C1,0,41
883,2,362075303,487,5,204e1,f7fc3a00,ulsched C1,0,41
884,2,362076138,1177,5,1f4e1,f7fc3a00,ulsched C1,0,41
885,2,362077697,688,5,234e1,f7fc3a00,ulsched C1,0,41
886,2,362079281,1422,5,2a041,f7fc5600,IDLE2,0,41
887,0,362080732,650,0,1,f7fc2200,time server,0,41
888,0,362082868,1302,5,42,f7fc5200,IDLE1,0,41
889,2,362084194,730,0,1,f7fc3a00,ulsched C1,0,41
890,2,362085338,910,5,47,f7fc5600,IDLE2,0,41
891,3,362833023,264,1,82c,f7fc5e00,MC-Sq-0,0,44
892,3,362833918,1029,5,f3041,ff106a00,idle_thread,0,44
893,0,362834975,690,0,1,f7fc2600,ulsched C0,0,44
894,0,362837102,39555,1,82c,f7fc2600,ulsched C0,0,43
895,0,362877176,902,5,f2085,f7fc2600,ulsched C0,0,43
896,0,362878669,41294,1,82c,f7fc2600,ulsched C0,0,45
897,0,362920413,824,5,f4085,f7fc2600,ulsched C0,0,45
898,3,362921254,672,0,1,f7fc5e00,MC-Sq-0,0,45
899,0,362922467,1574,5,2a041,f7fc2200,time server,0,45
900,3,362924063,584,1,84f,f7fc5e00,MC-Sq-0,0,499
901,0,362925792,1366,5,42,f7fc2600,ulsched C0,0,499
902,0,362929692,1434,5,2a041,f7fc2200,time server,0,499
903,0,362932959,1298,5,42,f7fc2600,ulsched C0,0,499
904,0,362934734,864,5,47,f7fc5200,IDLE1,0,499
905,0,363038430,974,0,59,f7fc2200,time server,0,499
906,0,363040614,508,5,1a1e1,f7fc2200,time server,0,499
907,0,363043866,1011,5,47,f7fc5200,IDLE1,0,499
908,0,363046583,852,0,59,f7fc2200,time server,0,499
909,0,363048502,533,5,1a1e1,f7fc2200,time server,0,499
910,0,363050436,703,5,65,f7fc2200,time server,0,499
911,2,363051153,655,0,1,f7fc3a00,ulsched C1,0,499
912,2,363052486,876,5,2a041,f7fc5600,IDLE2,0,499
913,0,363053388,669,5,47,f7fc2200,time server,0,499
914,0,363055366,1551,5,42,f7fc5200,IDLE1,0,499
915,2,363056943,655,0,1,f7fc3a00,ulsched C1,0,499
916,3,363059484,341,0,0,ff106a00,idle_thread,0,499
917,2,363059484,744,0,0,f7fc3a00,ulsched C1,0,499
918,3,363060540,539,0,1,ff106a00,idle_thread,0,499
919,2,363061101,689,5,1f4e1,f7fc3a00,ulsched C1,0,499
920,2,363067278,738,5,204e1,f7fc3a00,ulsched C1,0,499
921,2,363068687,752,5,1e5e1,f7fc3a00,ulsched C1,0,499
922,2,363069884,495,5,204e1,f7fc3a00,ulsched C1,0,499
923,2,363070733,810,5,1f4e1,f7fc3a00,ulsched C1,0,499
