0,0,321215250,170,1,804,ffcb2600,ulscheduler,0,0
1,0,321215649,1458,5,65,ffcb2600,ulscheduler,0,0
2,0,321217264,740,5,65,ffcb2600,ulscheduler,0,0
3,2,321218040,764,0,1,f7fc3a00,ulsched C1,0,0
4,0,321218829,1185,5,69,f7fc2600,ulsched C0,0,0
5,2,321220037,1129,5,2a041,ff106600,idle_thread,0,0
6,0,321221192,1100,5,2a041,f7fc2200,time server,0,0
7,0,321223998,2166,5,42,f7fc2200,time server,0,0
8,2,321226183,743,0,1,f7fc3a00,ulsched C1,0,0
9,0,321226955,1343,5,42,f7fc2600,ulsched C0,0,0
10,2,321232399,1265,5,1e5e1,f7fc3a00,ulsched C1,0,0
11,0,321233692,1144,5,1e5e1,f7fc2600,ulsched C0,0,0
12,2,321234860,571,5,204e1,f7fc3a00,ulsched C1,0,0
13,0,321235456,540,5,204e1,f7fc2600,ulsched C0,0,0
14,2,321236018,1241,5,1f4e1,f7fc3a00,ulsched C1,0,0
15,0,321237283,1222,5,1f4e1,f7fc2600,ulsched C0,0,0
16,2,321238526,1165,5,234e1,f7fc3a00,ulsched C1,0,0
17,0,321239713,761,5,234e1,f7fc2600,ulsched C0,0,0
18,2,321240492,689,5,1e5e1,f7fc3a00,ulsched C1,0,0
19,0,321241206,676,5,1e5e1,f7fc2600,ulsched C0,0,0
20,2,321241907,484,5,204e1,f7fc3a00,ulsched C1,0,0
21,0,321242416,458,5,204e1,f7fc2600,ulsched C0,0,0
22,2,321242899,814,5,1f4e1,f7fc3a00,ulsched C1,0,0
23,0,321243739,726,5,1f4e1,f7fc2600,ulsched C0,0,0
24,3,321244496,787,0,1,f7fc4200,C1T1,0,0
25,3,321245781,381,0,0,ff106a00,idle_thread,0,0
26,2,321245781,770,0,0,f7fc3a00,ulsched C1,0,0
27,1,321246582,859,0,1,f7fc2e00,C0T1,0,0
28,1,321247929,396,0,0,ff106200,idle_thread,0,0
29,0,321247929,754,0,0,f7fc2600,ulsched C0,0,0
30,3,321248714,559,0,1,f7fc4200,C1T1,0,0
31,2,321249296,1475,5,2a041,f7fc3e00,C1T0,0,0
32,1,321250800,548,0,1,f7fc2e00,C0T1,0,0
33,0,321251371,1050,5,2a041,f7fc2200,time server,0,0
34,0,321255730,1383,5,42,f7fc2200,time server,0,0
35,2,321257156,1213,0,1,f7fc3a00,ulsched C1,0,0
36,0,321258447,1217,5,42,f7fc2600,ulsched C0,0,0
37,2,321259689,997,5,47,f7fc3e00,C1T0,0,0
38,0,321260713,895,5,47,f7fc3200,C0T2,0,0
39,0,321441125,2077,0,59,f7fc2200,time server,0,0
40,0,321444369,680,5,1a1e1,f7fc2200,time server,0,0
41,0,321446369,661,5,65,f7fc2200,time server,0,0
42,2,321447096,716,0,1,f7fc3a00,ulsched C1,0,0
43,2,321448291,923,5,2a041,f7fc3e00,C1T0,0,0
44,0,321449236,563,5,47,f7fc2200,time server,0,0
45,0,321450487,1438,5,42,f7fc3200,C0T2,0,0
46,2,321451951,698,0,1,f7fc3a00,ulsched C1,0,0
47,3,321455185,293,0,0,ff106a00,idle_thread,0,0
48,2,321455185,700,0,0,f7fc3a00,ulsched C1,0,0
49,3,321455904,537,0,1,ff106a00,idle_thread,0,0
50,2,321456463,746,5,1e5e1,f7fc3a00,ulsched C1,0,0
51,2,321457371,464,5,204e1,f7fc3a00,ulsched C1,0,0
52,2,321458006,905,5,1f4e1,f7fc3a00,ulsched C1,0,0
53,3,321458930,725,0,1,f7fc4600,C1T2,0,0
54,3,321460101,278,0,0,ff106a00,idle_thread,0,0
55,2,321460101,621,0,0,f7fc3a00,ulsched C1,0,0
56,3,321460744,495,0,1,f7fc4600,C1T2,0,0
57,2,321461259,1356,5,2a041,f7fc3e00,C1T0,0,0
58,0,321462641,1238,0,1,f7fc2200,time server,0,0
59,0,321465710,1305,5,42,f7fc3200,C0T2,0,0
60,2,321467043,712,0,1,f7fc3a00,ulsched C1,0,0
61,2,321467964,878,5,47,f7fc3e00,C1T0,0,0
62,1,322201399,1494,5,f0041,ff106200,idle_thread,0,0
63,0,322202919,718,0,1,f7fc2600,ulsched C0,0,0
64,0,322206145,843,5,204e1,f7fc2600,ulsched C0,0,0
65,0,322207180,791,5,1f4e1,f7fc2600,ulsched C0,0,0
66,1,322208008,760,0,1,f7fc5e00,MC-Sq-0,0,0
67,0,322208790,1414,5,2a041,f7fc2200,time server,0,0
68,1,322210230,787,5,49,ff106200,idle_thread,0,0
69,0,322211042,1275,5,42,f7fc2600,ulsched C0,0,0
70,0,322213009,1203,5,2a041,f7fc2200,time server,0,0
71,0,322215456,1660,5,42,f7fc2600,ulsched C0,0,0
72,0,322217326,1224,5,47,f7fc3200,C0T2,0,0
73,2,322220404,1180,5,f0041,f7fc3a00,ulsched C1,0,0
74,2,322223346,1210,5,2a041,ff106600,idle_thread,0,0
75,0,322224578,778,0,1,f7fc2200,time server,0,0
76,0,322226112,1377,5,42,f7fc3200,C0T2,0,0
77,2,322227518,921,0,1,f7fc3a00,ulsched C1,0,0
78,2,322229716,612,5,204e1,f7fc3a00,ulsched C1,0,0
79,2,322230555,742,5,1e5e1,f7fc3a00,ulsched C1,0,0
80,2,322231458,435,5,204e1,f7fc3a00,ulsched C1,0,0
81,2,322232551,1028,5,1f4e1,f7fc3a00,ulsched C1,0,0
82,2,322233772,678,5,234e1,f7fc3a00,ulsched C1,0,0
83,2,322234695,1308,5,2a041,f7fc4a00,C1T3,0,0
84,0,322236032,950,0,1,f7fc2200,time server,0,0
85,0,322237753,1281,5,42,f7fc3200,C0T2,0,0
86,2,322239060,988,0,1,f7fc3a00,ulsched C1,0,0
87,2,322240247,858,5,47,f7fc4a00,C1T3,0,0
88,0,322250654,1260,5,f0041,f7fc2600,ulsched C0,0,0
89,0,322253998,1282,5,2a041,f7fc2200,time server,0,0
90,0,322256503,1207,5,42,f7fc2600,ulsched C0,0,0
91,0,322259008,635,5,204e1,f7fc2600,ulsched C0,0,0
92,0,322259902,809,5,1e5e1,f7fc2600,ulsched C0,0,0
93,0,322260871,455,5,204e1,f7fc2600,ulsched C0,0,0
94,0,322261521,1083,5,1f4e1,f7fc2600,ulsched C0,0,0
95,0,322262826,719,5,234e1,f7fc2600,ulsched C0,0,0
96,0,322263803,1273,5,2a041,f7fc2200,time server,0,0
97,0,322266225,1224,5,42,f7fc2600,ulsched C0,0,0
98,0,322267641,818,5,47,f7fc3600,C0T3,0,0
99,3,322411276,1074,5,f0041,ff106a00,idle_thread,0,0
100,2,322412378,682,0,1,f7fc3a00,ulsched C1,0,0
101,2,322414229,1277,5,2a041,f7fc4a00,C1T3,0,0
102,0,322415531,785,0,1,f7fc2200,time server,0,0
103,0,322416997,1379,5,42,f7fc3600,C0T3,0,0
104,2,322418404,683,0,1,f7fc3a00,ulsched C1,0,0
105,2,322420177,639,5,204e1,f7fc3a00,ulsched C1,0,0
106,2,322421467,711,5,1e5e1,f7fc3a00,ulsched C1,0,0
107,2,322422359,474,5,204e1,f7fc3a00,ulsched C1,0,0
108,2,322422993,767,5,1f4e1,f7fc3a00,ulsched C1,0,0
109,3,322423781,710,0,1,f7fc5600,IDLE2,0,0
110,3,322424893,316,0,0,ff106a00,idle_thread,0,0
111,2,322424893,671,0,0,f7fc3a00,ulsched C1,0,0
112,3,322425573,473,0,1,f7fc5600,IDLE2,0,0
113,2,322426070,1274,5,2a041,f7fc4a00,C1T3,0,0
114,0,322427370,963,0,1,f7fc2200,time server,0,0
115,0,322429097,1271,5,42,f7fc3600,C0T3,0,0
116,2,322430398,886,0,1,f7fc3a00,ulsched C1,0,0
117,2,322431500,871,5,47,f7fc4a00,C1T3,0,0
118,1,322843507,407,0,1b,ff106200,idle_thread,0,0
119,2,323203897,1179,5,f0041,f7fc3a00,ulsched C1,0,0
120,2,323207255,1083,5,2a041,ff106600,idle_thread,0,0
121,0,323208363,664,0,1,f7fc2200,time server,0,0
122,0,323209712,1308,5,42,f7fc3600,C0T3,0,0
123,2,323211044,761,0,1,f7fc3a00,ulsched C1,0,0
124,2,323212955,582,5,204e1,f7fc3a00,ulsched C1,0,0
125,2,323214162,688,5,1e5e1,f7fc3a00,ulsched C1,0,0
126,2,323215010,463,5,204e1,f7fc3a00,ulsched C1,0,0
127,2,323215644,1031,5,1f4e1,f7fc3a00,ulsched C1,0,0
128,2,323216865,640,5,234e1,f7fc3a00,ulsched C1,0,0
129,2,323217722,1211,5,2a041,f7fc5a00,IDLE3,0,0
130,0,323218961,652,0,1,f7fc2200,time server,0,0
131,0,323220346,1225,5,42,f7fc3600,C0T3,0,0
132,2,323221597,721,0,1,f7fc3a00,ulsched C1,0,0
133,2,323222498,892,5,47,f7fc5a00,IDLE3,0,0
134,0,323231439,1197,5,f0041,f7fc2600,ulsched C0,0,0
135,0,323234114,1258,5,2a041,f7fc2200,time server,0,0
136,0,323236578,1177,5,42,f7fc2600,ulsched C0,0,0
137,0,323238666,611,5,204e1,f7fc2600,ulsched C0,0,0
138,0,323239829,757,5,1e5e1,f7fc2600,ulsched C0,0,0
139,0,323240744,439,5,204e1,f7fc2600,ulsched C0,0,0
140,0,323241354,1041,5,1f4e1,f7fc2600,ulsched C0,0,0
141,0,323242557,707,5,234e1,f7fc2600,ulsched C0,0,0
142,0,323243497,1293,5,2a041,f7fc2200,time server,0,0
143,0,323245928,1252,5,42,f7fc2600,ulsched C0,0,0
144,0,323247370,824,5,47,f7fc2a00,C0T0,0,0
145,0,323364921,987,0,59,f7fc2200,time server,0,0
146,0,323366828,484,5,1a1e1,f7fc2200,time server,0,0
147,0,323370120,849,5,47,f7fc2a00,C0T0,0,0
148,0,324205226,1145,5,f0041,f7fc2600,ulsched C0,0,0
149,0,324208024,1225,5,2a041,f7fc2200,time server,0,0
150,0,324210022,1181,5,42,f7fc2600,ulsched C0,0,0
151,0,324212246,623,5,204e1,f7fc2600,ulsched C0,0,0
152,0,324213102,747,5,1e5e1,f7fc2600,ulsched C0,0,0
153,0,324213995,445,5,204e1,f7fc2600,ulsched C0,0,0
154,0,324214603,1139,5,1f4e1,f7fc2600,ulsched C0,0,0
155,0,324215943,647,5,234e1,f7fc2600,ulsched C0,0,0
156,0,324216831,1220,5,2a041,f7fc2200,time server,0,0
157,0,324220348,1239,5,42,f7fc2600,ulsched C0,0,0
158,0,324222162,788,5,47,f7fc4e00,IDLE0,0,0
159,1,325332696,367,0,1b,ff106200,idle_thread,0,0
160,0,326068304,963,0,59,f7fc2200,time server,0,0
161,0,326069852,469,5,1a1e1,f7fc2200,time server,0,0
162,0,326071062,1000,5,65,f7fc2200,time server,0,0
163,0,326073397,929,5,47,f7fc2600,ulsched C0,0,0
164,0,326074556,1298,5,2a041,f7fc2200,time server,0,0
165,0,326076916,1143,5,42,f7fc2600,ulsched C0,0,0
166,0,326081885,655,5,204e1,f7fc2600,ulsched C0,0,0
167,0,326082693,668,5,1f4e1,f7fc2600,ulsched C0,0,0
168,0,326083652,838,5,f1085,f7fc2600,ulsched C0,0,0
169,1,326084503,742,0,1,f7fc2e00,C0T1,0,0
170,1,326087452,297,0,0,ff106200,idle_thread,0,0
171,0,326087452,668,0,0,f7fc2600,ulsched C0,0,0
172,1,326088135,540,0,1,ff106200,idle_thread,0,0
173,0,326088697,768,5,1e5e1,f7fc2600,ulsched C0,0,0
174,0,326089655,460,5,204e1,f7fc2600,ulsched C0,0,0
175,0,326090305,584,5,1f4e1,f7fc2600,ulsched C0,0,0
176,0,326091064,515,5,234e1,f7fc2600,ulsched C0,0,0
177,0,326091821,1404,5,2a041,f7fc2200,time server,0,0
178,0,326094126,1342,5,42,f7fc2600,ulsched C0,0,0
179,0,326095692,808,5,47,f7fc4e00,IDLE0,0,0
180,0,326215687,1266,0,59,f7fc2200,time server,0,0
181,0,326217567,465,5,1a1e1,f7fc2200,time server,0,0
182,0,326218805,703,5,65,f7fc2200,time server,0,0
183,2,326219545,1020,0,1,f7fc3a00,ulsched C1,0,0
184,2,326220819,885,5,2a041,f7fc5a00,IDLE3,0,0
185,0,326221729,635,5,47,f7fc2200,time server,0,0
186,0,326223054,1894,5,42,f7fc4e00,IDLE0,0,0
187,2,326224974,643,0,1,f7fc3a00,ulsched C1,0,0
188,2,326226956,708,5,f1085,f7fc3a00,ulsched C1,0,0
189,2,326228761,641,5,f1085,f7fc3a00,ulsched C1,0,0
190,2,326230067,570,5,f1085,f7fc3a00,ulsched C1,0,0
191,2,326232982,638,5,204e1,f7fc3a00,ulsched C1,0,0
192,3,326234218,280,0,0,ff106a00,idle_thread,0,0
193,2,326234218,572,0,0,f7fc3a00,ulsched C1,0,0
194,3,326234808,495,0,1,ff106a00,idle_thread,0,0
195,2,326235325,766,5,1e5e1,f7fc3a00,ulsched C1,0,0
196,2,326236257,447,5,204e1,f7fc3a00,ulsched C1,0,0
197,2,326236909,1157,5,1f4e1,f7fc3a00,ulsched C1,0,0
198,2,326238276,648,5,234e1,f7fc3a00,ulsched C1,0,0
199,2,326239140,626,5,1e5e1,f7fc3a00,ulsched C1,0,0
200,2,326239909,455,5,204e1,f7fc3a00,ulsched C1,0,0
201,2,326240506,709,5,1f4e1,f7fc3a00,ulsched C1,0,0
202,3,326241242,719,0,1,f7fc4200,C1T1,0,0
203,3,326242379,276,0,0,ff106a00,idle_thread,0,0
204,2,326242379,699,0,0,f7fc3a00,ulsched C1,0,0
205,3,326243100,476,0,1,f7fc4200,C1T1,0,0
206,2,326243601,1339,5,2a041,f7fc3e00,C1T0,0,0
207,0,326244968,709,0,1,f7fc2200,time server,0,0
208,0,326247537,1369,5,42,f7fc4e00,IDLE0,0,0
209,2,326248931,797,0,1,f7fc3a00,ulsched C1,0,0
210,2,326249968,855,5,47,f7fc3e00,C1T0,0,0
211,0,326433145,791,0,59,f7fc2200,time server,0,0
212,0,326434513,426,5,1a1e1,f7fc2200,time server,0,0
213,0,326435644,608,5,65,f7fc2200,time server,0,0
214,2,326436315,708,0,1,f7fc3a00,ulsched C1,0,0
215,2,326437245,886,5,2a041,f7fc3e00,C1T0,0,0
216,0,326438155,523,5,47,f7fc2200,time server,0,0
217,0,326439326,1326,5,42,f7fc4e00,IDLE0,0,0
218,2,326440681,1002,0,1,f7fc3a00,ulsched C1,0,0
219,3,326443385,273,0,0,ff106a00,idle_thread,0,0
220,2,326443385,641,0,0,f7fc3a00,ulsched C1,0,0
221,2,326444395,666,5,1e5e1,f7fc3a00,ulsched C1,0,0
222,3,326445087,474,0,1,ff106a00,idle_thread,0,0
223,2,326445585,453,5,204e1,f7fc3a00,ulsched C1,0,0
224,2,326446192,667,5,1f4e1,f7fc3a00,ulsched C1,0,0
225,3,326446894,684,0,1,f7fc5600,IDLE2,0,0
226,3,326447966,273,0,0,ff106a00,idle_thread,0,0
227,2,326447966,631,0,0,f7fc3a00,ulsched C1,0,0
228,3,326448608,476,0,1,f7fc5600,IDLE2,0,0
229,2,326449104,1270,5,2a041,f7fc3e00,C1T0,0,0
230,0,326450402,955,0,1,f7fc2200,time server,0,0
231,0,326453202,1246,5,42,f7fc4e00,IDLE0,0,0
232,2,326454470,696,0,1,f7fc3a00,ulsched C1,0,0
233,2,326455375,804,5,47,f7fc3e00,C1T0,0,0
234,2,327211603,1129,5,f0041,f7fc3a00,ulsched C1,0,0
235,2,327214041,1095,5,2a041,ff106600,idle_thread,0,0
236,0,327215162,705,0,1,f7fc2200,time server,0,0
237,0,327216632,1261,5,42,f7fc4e00,IDLE0,0,0
238,2,327217921,1015,0,1,f7fc3a00,ulsched C1,0,0
239,2,327219977,610,5,204e1,f7fc3a00,ulsched C1,0,0
240,2,327220811,687,5,1e5e1,f7fc3a00,ulsched C1,0,0
241,2,327221665,446,5,204e1,f7fc3a00,ulsched C1,0,0
242,2,327222316,1006,5,1f4e1,f7fc3a00,ulsched C1,0,0
243,2,327223501,671,5,234e1,f7fc3a00,ulsched C1,0,0
244,2,327224432,1269,5,2a041,f7fc5a00,IDLE3,0,0
245,0,327225727,1004,0,1,f7fc2200,time server,0,0
246,0,327227509,1276,5,42,f7fc4e00,IDLE0,0,0
247,2,327228811,701,0,1,f7fc3a00,ulsched C1,0,0
248,2,327229750,807,5,47,f7fc5a00,IDLE3,0,0
249,1,327825515,368,0,1b,ff106200,idle_thread,0,0
250,0,328363431,807,0,59,f7fc2200,time server,0,0
251,0,328365210,460,5,1a1e1,f7fc2200,time server,0,0
252,0,328367934,808,5,47,f7fc4e00,IDLE0,0,0
253,1,330314704,345,0,1b,ff106200,idle_thread,0,0
254,0,331195489,739,0,59,f7fc2200,time server,0,0
255,0,331196793,421,5,1a1e1,f7fc2200,time server,0,0
256,0,331197915,577,5,65,f7fc2200,time server,0,0
257,2,331198539,982,0,1,f7fc3a00,ulsched C1,0,0
258,2,331199770,830,5,2a041,f7fc5a00,IDLE3,0,0
259,0,331200626,506,5,47,f7fc2200,time server,0,0
260,0,331201793,1311,5,42,f7fc4e00,IDLE0,0,0
261,2,331203133,656,0,1,f7fc3a00,ulsched C1,0,0
262,2,331204696,695,5,f1085,f7fc3a00,ulsched C1,0,0
263,2,331207077,615,5,204e1,f7fc3a00,ulsched C1,0,0
264,2,331207908,709,5,1e5e1,f7fc3a00,ulsched C1,0,0
265,2,331208779,454,5,204e1,f7fc3a00,ulsched C1,0,0
266,2,331209388,1037,5,1f4e1,f7fc3a00,ulsched C1,0,0
267,2,331210600,643,5,234e1,f7fc3a00,ulsched C1,0,0
268,2,331211536,1338,5,2a041,f7fc4600,C1T2,0,0
269,0,331212902,692,0,1,f7fc2200,time server,0,0
270,0,331215283,319,0,59,f7fc2200,time server,0,0
271,0,331215779,914,5,42,f7fc2200,time server,0,0
272,2,331216747,720,0,1,f7fc3a00,ulsched C1,0,0
273,0,331217489,435,5,1a1e1,f7fc2200,time server,0,0
274,2,331217961,891,5,47,f7fc4600,C1T2,0,0
275,0,331218877,623,5,65,f7fc2200,time server,0,0
276,2,331219542,676,0,1,f7fc3a00,ulsched C1,0,0
277,2,331220456,834,5,2a041,f7fc4600,C1T2,0,0
278,0,331221317,516,5,47,f7fc2200,time server,0,0
279,0,331222507,1304,5,42,f7fc4e00,IDLE0,0,0
280,2,331223837,641,0,1,f7fc3a00,ulsched C1,0,0
281,2,331226472,568,5,204e1,f7fc3a00,ulsched C1,0,0
282,3,331228074,280,0,0,ff106a00,idle_thread,0,0
283,2,331228074,593,0,0,f7fc3a00,ulsched C1,0,0
284,3,331228686,485,0,1,ff106a00,idle_thread,0,0
285,2,331229191,716,5,1e5e1,f7fc3a00,ulsched C1,0,0
286,2,331230070,434,5,204e1,f7fc3a00,ulsched C1,0,0
287,2,331230665,1022,5,1f4e1,f7fc3a00,ulsched C1,0,0
288,2,331231874,610,5,234e1,f7fc3a00,ulsched C1,0,0
289,2,331232663,589,5,1e5e1,f7fc3a00,ulsched C1,0,0
290,2,331233400,428,5,204e1,f7fc3a00,ulsched C1,0,0
291,2,331233975,692,5,1f4e1,f7fc3a00,ulsched C1,0,0
292,3,331234696,685,0,1,f7fc3e00,C1T0,0,0
293,3,331235802,276,0,0,ff106a00,idle_thread,0,0
294,2,331235802,613,0,0,f7fc3a00,ulsched C1,0,0
295,3,331236434,488,0,1,f7fc3e00,C1T0,0,0
296,2,331236947,1285,5,2a041,f7fc4200,C1T1,0,0
297,0,331238261,709,0,1,f7fc2200,time server,0,0
298,0,331240702,1305,5,42,f7fc4e00,IDLE0,0,0
299,2,331242036,733,0,1,f7fc3a00,ulsched C1,0,0
300,2,331242974,834,5,47,f7fc4200,C1T1,0,0
301,0,331427322,768,0,59,f7fc2200,time server,0,0
302,0,331428661,427,5,1a1e1,f7fc2200,time server,0,0
303,0,331429769,567,5,65,f7fc2200,time server,0,0
304,2,331430401,1014,0,1,f7fc3a00,ulsched C1,0,0
305,2,331431642,831,5,2a041,f7fc4200,C1T1,0,0
306,0,331432498,508,5,47,f7fc2200,time server,0,0
307,0,331433646,1346,5,42,f7fc4e00,IDLE0,0,0
308,2,331435020,649,0,1,f7fc3a00,ulsched C1,0,0
309,2,331436765,594,5,204e1,f7fc3a00,ulsched C1,0,0
310,2,331438007,668,5,1e5e1,f7fc3a00,ulsched C1,0,0
311,2,331438841,461,5,204e1,f7fc3a00,ulsched C1,0,0
312,2,331439470,1016,5,1f4e1,f7fc3a00,ulsched C1,0,0
313,2,331440654,630,5,234e1,f7fc3a00,ulsched C1,0,0
314,2,331441517,1244,5,2a041,f7fc4600,C1T2,0,0
315,0,331442796,716,0,1,f7fc2200,time server,0,0
316,0,331445213,1288,5,42,f7fc4e00,IDLE0,0,0
317,2,331446530,659,0,1,f7fc3a00,ulsched C1,0,0
318,2,331447387,849,5,47,f7fc4600,C1T2,0,0
319,3,332186998,975,5,f0041,ff106a00,idle_thread,0,0
320,2,332188002,656,0,1,f7fc3a00,ulsched C1,0,0
321,2,332189885,1274,5,2a041,f7fc4600,C1T2,0,0
322,0,332191168,653,0,1,f7fc2200,time server,0,0
323,0,332192542,1253,5,42,f7fc4e00,IDLE0,0,0
324,2,332193821,674,0,1,f7fc3a00,ulsched C1,0,0
325,2,332195366,642,5,204e1,f7fc3a00,ulsched C1,0,0
326,2,332196652,713,5,1e5e1,f7fc3a00,ulsched C1,0,0
327,2,332197535,471,5,204e1,f7fc3a00,ulsched C1,0,0
328,2,332198153,732,5,1f4e1,f7fc3a00,ulsched C1,0,0
329,3,332198898,701,0,1,f7fc5600,IDLE2,0,0
330,3,332199997,273,0,0,ff106a00,idle_thread,0,0
331,2,332199997,668,0,0,f7fc3a00,ulsched C1,0,0
332,3,332200682,493,0,1,f7fc5600,IDLE2,0,0
333,2,332201199,1346,5,2a041,f7fc4600,C1T2,0,0
334,0,332202571,942,0,1,f7fc2200,time server,0,0
335,0,332204258,1233,5,42,f7fc4e00,IDLE0,0,0
336,2,332205520,668,0,1,f7fc3a00,ulsched C1,0,0
337,2,332206401,829,5,47,f7fc4600,C1T2,0,0
338,2,332403491,1128,5,f0041,f7fc3a00,ulsched C1,0,0
339,2,332405717,1113,5,2a041,ff106600,idle_thread,0,0
340,0,332406858,659,0,1,f7fc2200,time server,0,0
341,0,332408228,1258,5,42,f7fc4e00,IDLE0,0,0
342,2,332409515,999,0,1,f7fc3a00,ulsched C1,0,0
343,2,332411481,571,5,204e1,f7fc3a00,ulsched C1,0,0
344,2,332412246,685,5,1e5e1,f7fc3a00,ulsched C1,0,0
345,2,332413086,443,5,204e1,f7fc3a00,ulsched C1,0,0
346,2,332413714,969,5,1f4e1,f7fc3a00,ulsched C1,0,0
347,2,332414870,614,5,234e1,f7fc3a00,ulsched C1,0,0
348,2,332415744,1246,5,2a041,f7fc5a00,IDLE3,0,0
349,0,332417016,654,0,1,f7fc2200,time server,0,0
350,0,332418416,1229,5,42,f7fc4e00,IDLE0,0,0
351,2,332419671,693,0,1,f7fc3a00,ulsched C1,0,0
352,2,332420586,821,5,47,f7fc5a00,IDLE3,0,0
353,1,332803893,345,0,1b,ff106200,idle_thread,0,0
354,0,333360399,748,0,59,f7fc2200,time server,0,0
355,0,333361727,438,5,1a1e1,f7fc2200,time server,0,0
356,0,333363998,822,5,47,f7fc4e00,IDLE0,0,0
357,0,334976305,737,0,59,f7fc2200,time server,0,0
358,0,334977949,413,5,1a1e1,f7fc2200,time server,0,0
359,0,334979027,881,5,65,f7fc2200,time server,0,0
360,0,334981681,794,5,47,f7fc2600,ulsched C0,0,0
361,0,334982708,1190,5,2a041,f7fc2200,time server,0,0
362,0,334984617,1114,5,42,f7fc2600,ulsched C0,0,0
363,0,334986552,689,5,204e1,f7fc2600,ulsched C0,0,0
364,0,334987402,607,5,1f4e1,f7fc2600,ulsched C0,0,0
365,0,334988228,785,5,f1085,f7fc2600,ulsched C0,0,0
366,1,334989038,701,0,1,f7fc3200,C0T2,0,0
367,0,334991188,636,5,f1085,f7fc2600,ulsched C0,0,0
368,1,334993429,286,0,0,ff106200,idle_thread,0,0
369,0,334993429,644,0,0,f7fc2600,ulsched C0,0,0
370,0,334994400,803,5,1e5e1,f7fc2600,ulsched C0,0,0
371,1,334995231,478,0,1,ff106200,idle_thread,0,0
372,0,334995734,509,5,204e1,f7fc2600,ulsched C0,0,0
373,0,334996400,609,5,1f4e1,f7fc2600,ulsched C0,0,0
374,0,334997148,512,5,234e1,f7fc2600,ulsched C0,0,0
375,0,334997910,1349,5,2a041,f7fc2200,time server,0,0
376,0,335000452,1267,5,42,f7fc2600,ulsched C0,0,0
377,0,335001901,886,5,47,f7fc4e00,IDLE0,0,0
378,1,335299271,375,0,1b,ff106200,idle_thread,0,0
379,0,336174799,931,0,59,f7fc2200,time server,0,0
380,0,336176836,494,5,1a1e1,f7fc2200,time server,0,0
381,0,336178065,636,5,65,f7fc2200,time server,0,0
382,2,336178736,675,0,1,f7fc3a00,ulsched C1,0,0
383,2,336179666,838,5,2a041,f7fc5a00,IDLE3,0,0
384,0,336180531,623,5,47,f7fc2200,time server,0,0
385,0,336181832,1397,5,42,f7fc4e00,IDLE0,0,0
386,2,336183253,1004,0,1,f7fc3a00,ulsched C1,0,0
387,2,336185093,630,5,f1085,f7fc3a00,ulsched C1,0,0
388,2,336186520,597,5,f1085,f7fc3a00,ulsched C1,0,0
389,2,336188889,611,5,204e1,f7fc3a00,ulsched C1,0,0
390,2,336190147,700,5,1e5e1,f7fc3a00,ulsched C1,0,0
391,2,336191000,429,5,204e1,f7fc3a00,ulsched C1,0,0
392,2,336191592,1019,5,1f4e1,f7fc3a00,ulsched C1,0,0
393,2,336192785,620,5,234e1,f7fc3a00,ulsched C1,0,0
394,2,336193644,1303,5,2a041,f7fc4a00,C1T3,0,0
395,0,336194973,719,0,1,f7fc2200,time server,0,0
396,0,336197421,1261,5,42,f7fc4e00,IDLE0,0,0
397,2,336198710,764,0,1,f7fc3a00,ulsched C1,0,0
398,2,336199712,833,5,47,f7fc4a00,C1T3,0,0
399,0,336216189,765,0,59,f7fc2200,time server,0,0
400,0,336217585,458,5,1a1e1,f7fc2200,time server,0,0
401,0,336218702,631,5,65,f7fc2200,time server,0,0
402,2,336219385,963,0,1,f7fc3a00,ulsched C1,0,0
403,2,336220575,832,5,2a041,f7fc4a00,C1T3,0,0
404,0,336221429,528,5,47,f7fc2200,time server,0,0
405,0,336222598,1347,5,42,f7fc4e00,IDLE0,0,0
406,2,336223968,938,0,1,f7fc3a00,ulsched C1,0,0
407,2,336226848,594,5,204e1,f7fc3a00,ulsched C1,0,0
408,3,336228003,272,0,0,ff106a00,idle_thread,0,0
409,2,336228003,576,0,0,f7fc3a00,ulsched C1,0,0
410,3,336228588,492,0,1,ff106a00,idle_thread,0,0
411,2,336229104,663,5,1e5e1,f7fc3a00,ulsched C1,0,0
412,2,336229913,423,5,204e1,f7fc3a00,ulsched C1,0,0
413,2,336230482,949,5,1f4e1,f7fc3a00,ulsched C1,0,0
414,2,336231590,584,5,234e1,f7fc3a00,ulsched C1,0,0
415,2,336232350,575,5,1e5e1,f7fc3a00,ulsched C1,0,0
416,2,336233064,421,5,204e1,f7fc3a00,ulsched C1,0,0
417,2,336233627,691,5,1f4e1,f7fc3a00,ulsched C1,0,0
418,3,336234335,675,0,1,f7fc3e00,C1T0,0,0
419,3,336235414,305,0,0,ff106a00,idle_thread,0,0
420,2,336235414,604,0,0,f7fc3a00,ulsched C1,0,0
421,3,336236044,475,0,1,f7fc3e00,C1T0,0,0
422,2,336236542,1289,5,2a041,f7fc4200,C1T1,0,0
423,0,336237857,690,0,1,f7fc2200,time server,0,0
424,0,336240295,1289,5,42,f7fc4e00,IDLE0,0,0
425,2,336241622,703,0,1,f7fc3a00,ulsched C1,0,0
426,2,336242527,832,5,47,f7fc4200,C1T1,0,0
427,0,336425915,756,0,59,f7fc2200,time server,0,0
428,0,336427265,433,5,1a1e1,f7fc2200,time server,0,0
429,0,336428381,613,5,65,f7fc2200,time server,0,0
430,2,336429046,665,0,1,f7fc3a00,ulsched C1,0,0
431,2,336429934,844,5,2a041,f7fc4200,C1T1,0,0
432,0,336430803,536,5,47,f7fc2200,time server,0,0
433,0,336431965,1333,5,42,f7fc4e00,IDLE0,0,0
434,2,336433324,939,0,1,f7fc3a00,ulsched C1,0,0
435,2,336435301,552,5,204e1,f7fc3a00,ulsched C1,0,0
436,2,336436059,621,5,1e5e1,f7fc3a00,ulsched C1,0,0
437,2,336436820,465,5,204e1,f7fc3a00,ulsched C1,0,0
438,2,336437431,947,5,1f4e1,f7fc3a00,ulsched C1,0,0
439,2,336438563,570,5,234e1,f7fc3a00,ulsched C1,0,0
440,2,336439345,1201,5,2a041,f7fc4a00,C1T3,0,0
441,0,336440585,700,0,1,f7fc2200,time server,0,0
442,0,336443029,1273,5,42,f7fc4e00,IDLE0,0,0
443,2,336444330,653,0,1,f7fc3a00,ulsched C1,0,0
444,2,336445176,808,5,47,f7fc4a00,C1T3,0,0
445,3,337186507,908,5,f0041,ff106a00,idle_thread,0,0
446,2,337187443,656,0,1,f7fc3a00,ulsched C1,0,0
447,2,337189373,1290,5,2a041,f7fc4a00,C1T3,0,0
448,0,337190686,679,0,1,f7fc2200,time server,0,0
449,0,337192080,1258,5,42,f7fc4e00,IDLE0,0,0
450,2,337193364,938,0,1,f7fc3a00,ulsched C1,0,0
451,2,337195141,677,5,204e1,f7fc3a00,ulsched C1,0,0
452,2,337196033,675,5,1e5e1,f7fc3a00,ulsched C1,0,0
453,2,337196847,451,5,204e1,f7fc3a00,ulsched C1,0,0
454,2,337197471,698,5,1f4e1,f7fc3a00,ulsched C1,0,0
455,3,337198218,701,0,1,f7fc5600,IDLE2,0,0
456,3,337199327,273,0,0,ff106a00,idle_thread,0,0
457,2,337199327,618,0,0,f7fc3a00,ulsched C1,0,0
458,3,337199967,470,0,1,f7fc5600,IDLE2,0,0
459,2,337200457,1208,5,2a041,f7fc4a00,C1T3,0,0
460,0,337201694,869,0,1,f7fc2200,time server,0,0
461,0,337203306,1187,5,42,f7fc4e00,IDLE0,0,0
462,2,337204523,881,0,1,f7fc3a00,ulsched C1,0,0
463,2,337205620,841,5,47,f7fc4a00,C1T3,0,0
464,2,337383205,1153,5,f0041,f7fc3a00,ulsched C1,0,0
465,2,337385409,1068,5,2a041,ff106600,idle_thread,0,0
466,0,337386500,677,0,1,f7fc2200,time server,0,0
467,0,337387890,1236,5,42,f7fc4e00,IDLE0,0,0
468,2,337389154,741,0,1,f7fc3a00,ulsched C1,0,0
469,2,337390875,554,5,204e1,f7fc3a00,ulsched C1,0,0
470,2,337392072,679,5,1e5e1,f7fc3a00,ulsched C1,0,0
471,2,337392918,475,5,204e1,f7fc3a00,ulsched C1,0,0
472,2,337393553,971,5,1f4e1,f7fc3a00,ulsched C1,0,0
473,2,337394692,613,5,234e1,f7fc3a00,ulsched C1,0,0
474,2,337395548,1181,5,2a041,f7fc5a00,IDLE3,0,0
475,0,337396758,658,0,1,f7fc2200,time server,0,0
476,0,337398164,1232,5,42,f7fc4e00,IDLE0,0,0
477,2,337399424,731,0,1,f7fc3a00,ulsched C1,0,0
478,2,337400349,867,5,47,f7fc5a00,IDLE3,0,0
479,1,337788459,345,0,1b,ff106200,idle_thread,0,0
480,0,338360222,770,0,59,f7fc2200,time server,0,0
481,0,338361571,459,5,1a1e1,f7fc2200,time server,0,0
482,0,338363727,828,5,47,f7fc4e00,IDLE0,0,0
483,0,339265459,731,0,59,f7fc2200,time server,0,0
484,0,339267103,421,5,1a1e1,f7fc2200,time server,0,0
485,0,339268217,881,5,65,f7fc2200,time server,0,0
486,0,339270749,809,5,47,f7fc2600,ulsched C0,0,0
487,0,339271827,1215,5,2a041,f7fc2200,time server,0,0
488,0,339274250,1143,5,42,f7fc2600,ulsched C0,0,0
489,0,339276022,671,5,204e1,f7fc2600,ulsched C0,0,0
490,0,339276872,665,5,1f4e1,f7fc2600,ulsched C0,0,0
491,0,339277727,690,5,f1085,f7fc2600,ulsched C0,0,0
492,1,339278442,695,0,1,f7fc3600,C0T3,0,0
493,0,339279391,790,5,f5045,f7fc2600,ulsched C0,0,0
494,2,339280210,707,0,1,f7fc3a00,ulsched C1,0,0
495,1,339281962,276,0,0,ff106200,idle_thread,0,0
496,0,339281962,649,0,0,f7fc2600,ulsched C0,0,0
497,2,339282622,1218,5,2a041,f7fc5a00,IDLE3,0,0
498,1,339283868,546,0,1,ff106200,idle_thread,0,0
499,0,339284440,768,5,1e5e1,f7fc2600,ulsched C0,0,0
500,0,339285399,470,5,204e1,f7fc2600,ulsched C0,0,0
501,0,339286052,785,5,1f4e1,f7fc2600,ulsched C0,0,0
502,1,339286865,703,0,1,f7fc5200,IDLE1,0,0
503,1,339288003,311,0,0,ff106200,idle_thread,0,0
504,0,339288003,699,0,0,f7fc2600,ulsched C0,0,0
505,1,339288720,500,0,1,f7fc5200,IDLE1,0,0
506,0,339289239,1111,5,2a041,f7fc2200,time server,0,0
507,0,339291493,1297,5,42,f7fc2200,time server,0,0
508,2,339292818,987,0,1,f7fc3a00,ulsched C1,0,0
509,0,339293972,1095,5,42,f7fc2600,ulsched C0,0,0
510,2,339295091,537,5,204e1,f7fc3a00,ulsched C1,0,0
511,0,339295654,885,5,47,f7fc4e00,IDLE0,0,0
512,2,339296558,597,5,1f4e1,f7fc3a00,ulsched C1,0,0
513,2,339297390,795,5,f1085,f7fc3a00,ulsched C1,0,0
514,2,339299906,626,5,204e1,f7fc3a00,ulsched C1,0,0
515,2,339300739,701,5,1e5e1,f7fc3a00,ulsched C1,0,0
516,2,339301599,445,5,204e1,f7fc3a00,ulsched C1,0,0
517,2,339302228,578,5,1f4e1,f7fc3a00,ulsched C1,0,0
518,2,339303064,489,5,234e1,f7fc3a00,ulsched C1,0,0
519,2,339303780,1205,5,2a041,ff106600,idle_thread,0,0
520,0,339305008,797,0,1,f7fc2200,time server,0,0
521,0,339306602,1303,5,42,f7fc4e00,IDLE0,0,0
522,2,339307933,1056,0,1,f7fc3a00,ulsched C1,0,0
523,2,339309207,741,5,47,ff106600,idle_thread,0,0
524,2,339907980,1002,0,1b,ff106600,idle_thread,0,0
525,0,341174002,785,0,59,f7fc2200,time server,0,0
526,0,341175715,488,5,1a1e1,f7fc2200,time server,0,0
527,0,341176920,652,5,65,f7fc2200,time server,0,0
528,2,341177610,1004,0,1,f7fc3a00,ulsched C1,0,0
529,2,341178866,730,5,2a041,ff106600,idle_thread,0,0
530,0,341179619,566,5,47,f7fc2200,time server,0,0
531,0,341180871,1385,5,42,f7fc4e00,IDLE0,0,0
532,2,341182282,700,0,1,f7fc3a00,ulsched C1,0,0
533,3,341184730,301,0,0,ff106a00,idle_thread,0,0
534,2,341184730,1118,0,0,f7fc3a00,ulsched C1,0,0
535,3,341185874,643,0,1,f7fc3e00,C1T0,0,0
536,2,341186540,681,5,1e5e1,f7fc3a00,ulsched C1,0,0
537,2,341187387,458,5,204e1,f7fc3a00,ulsched C1,0,0
538,2,341188014,772,5,1f4e1,f7fc3a00,ulsched C1,0,0
539,2,341188946,678,5,234e1,f7fc3a00,ulsched C1,0,0
540,2,341189859,1166,5,2a041,ff106600,idle_thread,0,0
541,0,341191051,717,0,1,f7fc2200,time server,0,0
542,0,341193503,1301,5,42,f7fc4e00,IDLE0,0,0
543,2,341194830,733,0,1,f7fc3a00,ulsched C1,0,0
544,2,341195769,725,5,47,ff106600,idle_thread,0,0
545,0,341214299,749,0,59,f7fc2200,time server,0,0
546,0,341215964,432,5,1a1e1,f7fc2200,time server,0,0
547,0,341217061,646,5,65,f7fc2200,time server,0,0
548,2,341217763,813,0,1,f7fc3a00,ulsched C1,0,0
549,2,341218814,676,5,2a041,ff106600,idle_thread,0,0
550,0,341219515,571,5,47,f7fc2200,time server,0,0
551,0,341220754,1333,5,42,f7fc4e00,IDLE0,0,0
552,2,341222113,654,0,1,f7fc3a00,ulsched C1,0,0
553,2,341224500,577,5,204e1,f7fc3a00,ulsched C1,0,0
554,2,341226162,552,5,204e1,f7fc3a00,ulsched C1,0,0
555,2,341226898,713,5,1e5e1,f7fc3a00,ulsched C1,0,0
556,2,341227767,460,5,204e1,f7fc3a00,ulsched C1,0,0
557,2,341228401,1027,5,1f4e1,f7fc3a00,ulsched C1,0,0
558,2,341229605,594,5,234e1,f7fc3a00,ulsched C1,0,0
559,3,341230883,293,0,0,ff106a00,idle_thread,0,0
560,2,341230883,1494,0,0,f7fc3a00,ulsched C1,0,0
561,3,341232396,547,0,1,f7fc3e00,C1T0,0,0
562,2,341232963,862,5,204e1,f7fc3a00,ulsched C1,0,0
563,3,341233855,496,0,1,ff106a00,idle_thread,0,0
564,3,341234517,136,0,0,ff106a00,idle_thread,0,0
565,2,341234517,571,0,0,f7fc3a00,ulsched C1,0,0
566,3,341235110,653,0,1,f7fc3e00,C1T0,0,0
567,2,341235789,889,5,234e1,f7fc3a00,ulsched C1,0,0
568,3,341236706,478,0,1,f7fc3e00,C1T0,0,0
569,3,341237333,151,0,0,f7fc3e00,C1T0,0,0
570,2,341237333,1256,0,0,f7fc4200,C1T1,0,0
571,3,341238606,555,0,1,f7fc3e00,C1T0,0,0
572,0,341239193,714,0,1,f7fc2200,time server,0,0
573,0,341241621,1273,5,42,f7fc4e00,IDLE0,0,0
574,2,341242923,1055,0,1,f7fc3a00,ulsched C1,0,0
575,2,341244207,867,5,47,f7fc4200,C1T1,0,0
576,2,341402740,1233,5,f0041,f7fc3a00,ulsched C1,0,0
577,2,341404739,643,5,204e1,f7fc3a00,ulsched C1,0,0
578,2,341405550,631,5,1f4e1,f7fc3a00,ulsched C1,0,0
579,2,341406371,1139,5,2a041,ff106600,idle_thread,0,0
580,0,341407534,1041,0,1,f7fc2200,time server,0,0
581,0,341409284,1256,5,42,f7fc4e00,IDLE0,0,0
582,2,341410568,1013,0,1,f7fc3a00,ulsched C1,0,0
583,2,341412044,564,5,204e1,f7fc3a00,ulsched C1,0,0
584,2,341412750,593,5,1f4e1,f7fc3a00,ulsched C1,0,0
585,2,341413523,1038,5,f1085,f7fc3a00,ulsched C1,0,0
586,2,341416452,685,5,204e1,f7fc3a00,ulsched C1,0,0
587,2,341417349,727,5,1e5e1,f7fc3a00,ulsched C1,0,0
588,2,341418254,481,5,204e1,f7fc3a00,ulsched C1,0,0
589,2,341418880,582,5,1f4e1,f7fc3a00,ulsched C1,0,0
590,2,341419613,541,5,234e1,f7fc3a00,ulsched C1,0,0
591,2,341420422,1260,5,2a041,ff106600,idle_thread,0,0
592,0,341421711,955,0,1,f7fc2200,time server,0,0
593,0,341423434,1271,5,42,f7fc4e00,IDLE0,0,0
594,2,341424731,994,0,1,f7fc3a00,ulsched C1,0,0
595,2,341425928,702,5,47,ff106600,idle_thread,0,0
596,0,341428264,746,0,59,f7fc2200,time server,0,0
597,0,341429576,447,5,1a1e1,f7fc2200,time server,0,0
598,0,341431688,832,5,47,f7fc4e00,IDLE0,0,0
599,3,342145192,981,5,f0041,ff106a00,idle_thread,0,0
600,2,342146199,654,0,1,f7fc3a00,ulsched C1,0,0
601,2,342147996,1195,5,2a041,ff106600,idle_thread,0,0
602,0,342149218,947,0,1,f7fc2200,time server,0,0
603,0,342150858,1351,5,42,f7fc4e00,IDLE0,0,0
604,2,342152238,686,0,1,f7fc3a00,ulsched C1,0,0
605,2,342153790,654,5,204e1,f7fc3a00,ulsched C1,0,0
606,2,342155155,722,5,1e5e1,f7fc3a00,ulsched C1,0,0
607,2,342156055,442,5,204e1,f7fc3a00,ulsched C1,0,0
608,2,342156664,711,5,1f4e1,f7fc3a00,ulsched C1,0,0
609,3,342157417,730,0,1,f7fc4600,C1T2,0,0
610,3,342158567,282,0,0,ff106a00,idle_thread,0,0
611,2,342158567,674,0,0,f7fc3a00,ulsched C1,0,0
612,3,342159264,478,0,1,f7fc4600,C1T2,0,0
613,2,342159767,1113,5,2a041,ff106600,idle_thread,0,0
614,0,342160908,675,0,1,f7fc2200,time server,0,0
615,0,342163363,1297,5,42,f7fc4e00,IDLE0,0,0
616,2,342164689,649,0,1,f7fc3a00,ulsched C1,0,0
617,2,342165532,691,5,47,ff106600,idle_thread,0,0
618,0,342566126,751,0,59,f7fc2200,time server,0,0
619,0,342567441,437,5,1a1e1,f7fc2200,time server,0,0
620,0,342568575,642,5,65,f7fc2200,time server,0,0
621,2,342569263,951,0,1,f7fc3a00,ulsched C1,0,0
622,2,342570717,726,5,2a041,ff106600,idle_thread,0,0
623,0,342571466,549,5,47,f7fc2200,time server,0,0
624,0,342572679,1309,5,42,f7fc4e00,IDLE0,0,0
625,2,342574017,801,0,1,f7fc3a00,ulsched C1,0,0
626,2,342575384,569,5,204e1,f7fc3a00,ulsched C1,0,0
627,2,342576104,628,5,1f4e1,f7fc3a00,ulsched C1,0,0
628,2,342576938,1073,5,f1085,f7fc3a00,ulsched C1,0,0
629,2,342579968,609,5,204e1,f7fc3a00,ulsched C1,0,0
630,2,342581225,716,5,1e5e1,f7fc3a00,ulsched C1,0,0
631,2,342582128,435,5,204e1,f7fc3a00,ulsched C1,0,0
632,2,342582729,600,5,1f4e1,f7fc3a00,ulsched C1,0,0
633,2,342583477,488,5,234e1,f7fc3a00,ulsched C1,0,0
634,2,342584218,1179,5,2a041,ff106600,idle_thread,0,0
635,0,342585424,733,0,1,f7fc2200,time server,0,0
636,0,342587856,1308,5,42,f7fc4e00,IDLE0,0,0
637,2,342589192,735,0,1,f7fc3a00,ulsched C1,0,0
638,2,342590127,680,5,47,ff106600,idle_thread,0,0
639,2,342626889,436,0,1b,ff106600,idle_thread,0,0
640,3,343109723,939,5,f0041,ff106a00,idle_thread,0,0
641,2,343110688,647,0,1,f7fc3a00,ulsched C1,0,0
642,2,343112434,1381,5,2a041,ff106600,idle_thread,0,0
643,0,343113844,691,0,1,f7fc2200,time server,0,0
644,0,343115257,1282,5,42,f7fc4e00,IDLE0,0,0
645,2,343116561,668,0,1,f7fc3a00,ulsched C1,0,0
646,2,343118176,601,5,204e1,f7fc3a00,ulsched C1,0,0
647,2,343119011,685,5,1e5e1,f7fc3a00,ulsched C1,0,0
648,2,343119866,452,5,204e1,f7fc3a00,ulsched C1,0,0
649,2,343120476,733,5,1f4e1,f7fc3a00,ulsched C1,0,0
650,3,343121247,680,0,1,f7fc5600,IDLE2,0,0
651,3,343122323,285,0,0,ff106a00,idle_thread,0,0
652,2,343122323,682,0,0,f7fc3a00,ulsched C1,0,0
653,3,343123024,468,0,1,f7fc5600,IDLE2,0,0
654,2,343123515,1129,5,2a041,ff106600,idle_thread,0,0
655,0,343124672,671,0,1,f7fc2200,time server,0,0
656,0,343127109,1245,5,42,f7fc4e00,IDLE0,0,0
657,2,343128387,1017,0,1,f7fc3a00,ulsched C1,0,0
658,2,343129618,713,5,47,ff106600,idle_thread,0,0
659,0,343780376,756,0,59,f7fc2200,time server,0,0
660,0,343781731,451,5,1a1e1,f7fc2200,time server,0,0
661,0,343782847,625,5,65,f7fc2200,time server,0,0
662,2,343783514,970,0,1,f7fc3a00,ulsched C1,0,0
663,2,343784718,686,5,2a041,ff106600,idle_thread,0,0
664,0,343785426,522,5,47,f7fc2200,time server,0,0
665,0,343786872,1316,5,42,f7fc4e00,IDLE0,0,0
666,2,343788214,947,0,1,f7fc3a00,ulsched C1,0,0
667,2,343789748,530,5,204e1,f7fc3a00,ulsched C1,0,0
668,2,343790433,587,5,1f4e1,f7fc3a00,ulsched C1,0,0
669,2,343791214,1072,5,f1085,f7fc3a00,ulsched C1,0,0
670,2,343794072,618,5,204e1,f7fc3a00,ulsched C1,0,0
671,2,343794884,696,5,1e5e1,f7fc3a00,ulsched C1,0,0
672,2,343795766,467,5,204e1,f7fc3a00,ulsched C1,0,0
673,2,343796383,583,5,1f4e1,f7fc3a00,ulsched C1,0,0
674,2,343797114,515,5,234e1,f7fc3a00,ulsched C1,0,0
675,2,343797864,1146,5,2a041,ff106600,idle_thread,0,0
676,0,343799048,1012,0,1,f7fc2200,time server,0,0
677,0,343801907,1304,5,42,f7fc4e00,IDLE0,0,0
678,2,343803237,978,0,1,f7fc3a00,ulsched C1,0,0
679,2,343804422,662,5,47,ff106600,idle_thread,0,0
680,0,344672789,766,0,59,f7fc2200,time server,0,0
681,0,344674109,437,5,1a1e1,f7fc2200,time server,0,0
682,0,344675241,620,5,65,f7fc2200,time server,0,0
683,2,344675906,950,0,1,f7fc3a00,ulsched C1,0,0
684,2,344677095,712,5,2a041,ff106600,idle_thread,0,0
685,0,344677832,534,5,47,f7fc2200,time server,0,0
686,0,344679016,1289,5,42,f7fc4e00,IDLE0,0,0
687,2,344680334,624,0,1,f7fc3a00,ulsched C1,0,0
688,2,344681400,592,5,204e1,f7fc3a00,ulsched C1,0,0
689,2,344682149,594,5,1f4e1,f7fc3a00,ulsched C1,0,0
690,2,344682932,1050,5,f1085,f7fc3a00,ulsched C1,0,0
691,2,344685571,665,5,204e1,f7fc3a00,ulsched C1,0,0
692,2,344686441,692,5,1e5e1,f7fc3a00,ulsched C1,0,0
693,2,344687299,455,5,204e1,f7fc3a00,ulsched C1,0,0
694,2,344687936,1055,5,1f4e1,f7fc3a00,ulsched C1,0,0
695,2,344689154,662,5,234e1,f7fc3a00,ulsched C1,0,0
696,2,344690032,1294,5,2a041,f7fc5a00,IDLE3,0,0
697,0,344691351,680,0,1,f7fc2200,time server,0,0
698,0,344692714,1241,5,42,f7fc4e00,IDLE0,0,0
699,2,344693981,745,0,1,f7fc3a00,ulsched C1,0,0
700,2,344694950,886,5,47,f7fc5a00,IDLE3,0,0
701,0,346147645,742,0,59,f7fc2200,time server,0,0
702,0,346148932,433,5,1a1e1,f7fc2200,time server,0,0
703,0,346150056,875,5,65,f7fc2200,time server,0,0
704,0,346152674,798,5,47,f7fc2600,ulsched C0,0,0
705,0,346153729,1249,5,2a041,f7fc2200,time server,0,0
706,0,346155740,1136,5,42,f7fc2600,ulsched C0,0,0
707,1,346159129,291,0,0,ff106200,idle_thread,0,0
708,0,346159129,682,0,0,f7fc2600,ulsched C0,0,0
709,1,346159820,477,0,1,ff106200,idle_thread,0,0
710,0,346160319,804,5,1e5e1,f7fc2600,ulsched C0,0,0
711,0,346161287,467,5,204e1,f7fc2600,ulsched C0,0,0
712,0,346161914,807,5,1f4e1,f7fc2600,ulsched C0,0,0
713,1,346162745,668,0,1,f7fc2e00,C0T1,0,0
714,1,346163873,276,0,0,ff106200,idle_thread,0,0
715,0,346163873,690,0,0,f7fc2600,ulsched C0,0,0
716,1,346164572,493,0,1,f7fc2e00,C0T1,0,0
717,0,346165085,1339,5,2a041,f7fc2200,time server,0,0
718,0,346167579,1281,5,42,f7fc2600,ulsched C0,0,0
719,0,346169049,836,5,47,f7fc4e00,IDLE0,0,0
720,0,346215288,868,0,59,f7fc2200,time server,0,0
721,0,346216745,487,5,1a1e1,f7fc2200,time server,0,0
722,0,346217939,649,5,65,f7fc2200,time server,0,0
723,2,346218615,691,0,1,f7fc3a00,ulsched C1,0,0
724,2,346219538,921,5,2a041,f7fc5a00,IDLE3,0,0
725,0,346220485,593,5,47,f7fc2200,time server,0,0
726,0,346221725,1380,5,42,f7fc4e00,IDLE0,0,0
727,2,346223133,676,0,1,f7fc3a00,ulsched C1,0,0
728,2,346225829,592,5,204e1,f7fc3a00,ulsched C1,0,0
729,3,346226952,284,0,0,ff106a00,idle_thread,0,0
730,2,346226952,625,0,0,f7fc3a00,ulsched C1,0,0
731,3,346227586,492,0,1,ff106a00,idle_thread,0,0
732,2,346228102,681,5,1e5e1,f7fc3a00,ulsched C1,0,0
733,2,346228972,453,5,204e1,f7fc3a00,ulsched C1,0,0
734,2,346229576,1025,5,1f4e1,f7fc3a00,ulsched C1,0,0
735,2,346230765,609,5,234e1,f7fc3a00,ulsched C1,0,0
736,2,346231546,632,5,1e5e1,f7fc3a00,ulsched C1,0,0
737,2,346232322,439,5,204e1,f7fc3a00,ulsched C1,0,0
738,2,346232908,696,5,1f4e1,f7fc3a00,ulsched C1,0,0
739,3,346233636,668,0,1,f7fc4200,C1T1,0,0
740,3,346234735,279,0,0,ff106a00,idle_thread,0,0
741,2,346234735,616,0,0,f7fc3a00,ulsched C1,0,0
742,3,346235389,497,0,1,f7fc4200,C1T1,0,0
743,2,346235910,1364,5,2a041,f7fc3e00,C1T0,0,0
744,0,346237300,693,0,1,f7fc2200,time server,0,0
745,0,346239774,1265,5,42,f7fc4e00,IDLE0,0,0
746,2,346241068,967,0,1,f7fc3a00,ulsched C1,0,0
747,2,346242242,838,5,47,f7fc3e00,C1T0,0,0
748,0,346426382,786,0,59,f7fc2200,time server,0,0
749,0,346427745,450,5,1a1e1,f7fc2200,time server,0,0
750,0,346428894,597,5,65,f7fc2200,time server,0,0
751,2,346429545,993,0,1,f7fc3a00,ulsched C1,0,0
752,2,346430770,868,5,2a041,f7fc3e00,C1T0,0,0
753,0,346431660,550,5,47,f7fc2200,time server,0,0
754,0,346432891,1316,5,42,f7fc4e00,IDLE0,0,0
755,2,346434235,650,0,1,f7fc3a00,ulsched C1,0,0
756,3,346436466,279,0,0,ff106a00,idle_thread,0,0
757,2,346436466,590,0,0,f7fc3a00,ulsched C1,0,0
758,2,346437430,646,5,1e5e1,f7fc3a00,ulsched C1,0,0
759,3,346438103,494,0,1,ff106a00,idle_thread,0,0
760,2,346438620,423,5,204e1,f7fc3a00,ulsched C1,0,0
761,2,346439232,693,5,1f4e1,f7fc3a00,ulsched C1,0,0
762,3,346439951,678,0,1,f7fc5600,IDLE2,0,0
763,3,346441035,275,0,0,ff106a00,idle_thread,0,0
764,2,346441035,619,0,0,f7fc3a00,ulsched C1,0,0
765,3,346441677,469,0,1,f7fc5600,IDLE2,0,0
766,2,346442171,1262,5,2a041,f7fc3e00,C1T0,0,0
767,0,346443459,708,0,1,f7fc2200,time server,0,0
768,0,346445896,1246,5,42,f7fc4e00,IDLE0,0,0
769,2,346447170,680,0,1,f7fc3a00,ulsched C1,0,0
770,2,346448048,840,5,47,f7fc3e00,C1T0,0,0
771,1,347112956,962,5,f0041,ff106200,idle_thread,0,0
772,0,347113944,685,0,1,f7fc2600,ulsched C0,0,0
773,0,347115511,685,5,204e1,f7fc2600,ulsched C0,0,0
774,0,347116839,633,5,1f4e1,f7fc2600,ulsched C0,0,0
775,0,347117676,1291,5,2a041,f7fc2200,time server,0,0
776,0,347120176,1148,5,42,f7fc2600,ulsched C0,0,0
777,0,347122247,1194,5,2a041,f7fc2200,time server,0,0
778,0,347124598,1125,5,42,f7fc2600,ulsched C0,0,0
779,0,347125896,847,5,47,f7fc4e00,IDLE0,0,0
780,2,347203973,1143,5,f0041,f7fc3a00,ulsched C1,0,0
781,2,347206201,1123,5,2a041,ff106600,idle_thread,0,0
782,0,347207352,1033,0,1,f7fc2200,time server,0,0
783,0,347209093,1309,5,42,f7fc4e00,IDLE0,0,0
784,2,347210438,825,0,1,f7fc3a00,ulsched C1,0,0
785,2,347212331,576,5,204e1,f7fc3a00,ulsched C1,0,0
786,2,347213552,655,5,1e5e1,f7fc3a00,ulsched C1,0,0
787,2,347214360,443,5,204e1,f7fc3a00,ulsched C1,0,0
788,2,347214978,990,5,1f4e1,f7fc3a00,ulsched C1,0,0
789,2,347216164,612,5,234e1,f7fc3a00,ulsched C1,0,0
790,2,347217026,1256,5,2a041,f7fc5a00,IDLE3,0,0
791,0,347218311,672,0,1,f7fc2200,time server,0,0
792,0,347219727,1234,5,42,f7fc4e00,IDLE0,0,0
793,2,347220987,717,0,1,f7fc3a00,ulsched C1,0,0
794,2,347221916,836,5,47,f7fc5a00,IDLE3,0,0
795,1,348106269,381,0,1b,ff106200,idle_thread,0,0
796,0,348361093,807,0,59,f7fc2200,time server,0,0
797,0,348362815,460,5,1a1e1,f7fc2200,time server,0,0
798,0,348365042,845,5,47,f7fc4e00,IDLE0,0,0
799,1,350595458,354,0,1b,ff106200,idle_thread,0,0
800,0,350991906,755,0,59,f7fc2200,time server,0,0
801,0,350993193,434,5,1a1e1,f7fc2200,time server,0,0
802,0,350994311,887,5,65,f7fc2200,time server,0,0
803,0,350996843,842,5,47,f7fc2600,ulsched C0,0,0
804,0,350997906,1178,5,2a041,f7fc2200,time server,0,0
805,0,351000157,1148,5,42,f7fc2600,ulsched C0,0,0
806,0,351002339,622,5,204e1,f7fc2600,ulsched C0,0,0
807,0,351003106,664,5,1f4e1,f7fc2600,ulsched C0,0,0
808,0,351003986,752,5,f1085,f7fc2600,ulsched C0,0,0
809,1,351004753,675,0,1,f7fc2e00,C0T1,0,0
810,0,351005654,775,5,f5045,f7fc2600,ulsched C0,0,0
811,2,351006485,683,0,1,f7fc3a00,ulsched C1,0,0
812,1,351007808,279,0,0,ff106200,idle_thread,0,0
813,0,351007808,630,0,0,f7fc2600,ulsched C0,0,0
814,2,351008461,1243,5,2a041,f7fc5a00,IDLE3,0,0
815,1,351009727,482,0,1,ff106200,idle_thread,0,0
816,0,351010234,776,5,1e5e1,f7fc2600,ulsched C0,0,0
817,0,351011169,468,5,204e1,f7fc2600,ulsched C0,0,0
818,0,351011811,779,5,1f4e1,f7fc2600,ulsched C0,0,0
819,1,351012614,664,0,1,f7fc5200,IDLE1,0,0
820,1,351013704,276,0,0,ff106200,idle_thread,0,0
821,0,351013704,698,0,0,f7fc2600,ulsched C0,0,0
822,1,351014421,489,0,1,f7fc5200,IDLE1,0,0
823,0,351014932,1055,5,2a041,f7fc2200,time server,0,0
824,0,351017124,1211,5,42,f7fc2200,time server,0,0
825,2,351018347,652,0,1,f7fc3a00,ulsched C1,0,0
826,0,351019565,1134,5,42,f7fc2600,ulsched C0,0,0
827,2,351020722,529,5,204e1,f7fc3a00,ulsched C1,0,0
828,0,351021274,868,5,47,f7fc4e00,IDLE0,0,0
829,2,351022166,588,5,1f4e1,f7fc3a00,ulsched C1,0,0
830,2,351022956,1039,5,f1085,f7fc3a00,ulsched C1,0,0
831,2,351025771,1356,5,2a041,f7fc3e00,C1T0,0,0
832,0,351027145,719,0,1,f7fc2200,time server,0,0
833,0,351028622,1267,5,42,f7fc4e00,IDLE0,0,0
834,2,351029918,1060,0,1,f7fc3a00,ulsched C1,0,0
835,2,351031191,818,5,47,f7fc3e00,C1T0,0,0
836,0,351133171,814,0,59,f7fc2200,time server,0,0
837,0,351134590,458,5,1a1e1,f7fc2200,time server,0,0
838,0,351135749,615,5,65,f7fc2200,time server,0,0
839,2,351136419,1010,0,1,f7fc3a00,ulsched C1,0,0
840,2,351137690,837,5,2a041,f7fc3e00,C1T0,0,0
841,0,351138550,539,5,47,f7fc2200,time server,0,0
842,0,351139739,1397,5,42,f7fc4e00,IDLE0,0,0
843,2,351141165,668,0,1,f7fc3a00,ulsched C1,0,0
844,2,351143200,620,5,204e1,f7fc3a00,ulsched C1,0,0
845,2,351144013,748,5,1e5e1,f7fc3a00,ulsched C1,0,0
846,2,351144912,469,5,204e1,f7fc3a00,ulsched C1,0,0
847,2,351145560,1043,5,1f4e1,f7fc3a00,ulsched C1,0,0
848,2,351146762,640,5,234e1,f7fc3a00,ulsched C1,0,0
849,2,351147632,1250,5,2a041,f7fc4a00,C1T3,0,0
850,0,351148911,973,0,1,f7fc2200,time server,0,0
851,0,351151539,314,0,59,f7fc2200,time server,0,0
852,0,351152052,919,5,42,f7fc2200,time server,0,0
853,2,351153026,711,0,1,f7fc3a00,ulsched C1,0,0
854,0,351153762,416,5,1a1e1,f7fc2200,time server,0,0
855,2,351154201,837,5,47,f7fc4a00,C1T3,0,0
856,0,351155060,597,5,65,f7fc2200,time server,0,0
857,2,351155728,663,0,1,f7fc3a00,ulsched C1,0,0
858,2,351156610,814,5,2a041,f7fc4a00,C1T3,0,0
859,0,351157451,527,5,47,f7fc2200,time server,0,0
860,0,351158656,1376,5,42,f7fc4e00,IDLE0,0,0
861,2,351160060,689,0,1,f7fc3a00,ulsched C1,0,0
862,3,351162560,272,0,0,ff106a00,idle_thread,0,0
863,2,351162560,616,0,0,f7fc3a00,ulsched C1,0,0
864,3,351163198,503,0,1,ff106a00,idle_thread,0,0
865,2,351163725,684,5,1e5e1,f7fc3a00,ulsched C1,0,0
866,2,351164573,470,5,204e1,f7fc3a00,ulsched C1,0,0
867,2,351165220,731,5,1f4e1,f7fc3a00,ulsched C1,0,0
868,3,351165981,674,0,1,f7fc4600,C1T2,0,0
869,3,351167060,268,0,0,ff106a00,idle_thread,0,0
870,2,351167060,678,0,0,f7fc3a00,ulsched C1,0,0
871,3,351167760,481,0,1,f7fc4600,C1T2,0,0
872,2,351168266,1195,5,2a041,f7fc4a00,C1T3,0,0
873,0,351169489,719,0,1,f7fc2200,time server,0,0
874,0,351171912,1262,5,42,f7fc4e00,IDLE0,0,0
875,2,351173202,676,0,1,f7fc3a00,ulsched C1,0,0
876,2,351174092,844,5,47,f7fc4a00,C1T3,0,0
877,0,351214609,770,0,59,f7fc2200,time server,0,0
878,0,351215962,470,5,1a1e1,f7fc2200,time server,0,0
879,0,351217133,600,5,65,f7fc2200,time server,0,0
880,2,351217792,855,0,1,f7fc3a00,ulsched C1,0,0
881,2,351218926,880,5,2a041,f7fc4a00,C1T3,0,0
882,0,351219832,532,5,47,f7fc2200,time server,0,0
883,0,351221020,1338,5,42,f7fc4e00,IDLE0,0,0
884,2,351222387,646,0,1,f7fc3a00,ulsched C1,0,0
885,2,351224633,587,5,204e1,f7fc3a00,ulsched C1,0,0
886,3,351225784,274,0,0,ff106a00,idle_thread,0,0
887,2,351225784,576,0,0,f7fc3a00,ulsched C1,0,0
888,3,351226382,497,0,1,ff106a00,idle_thread,0,0
889,2,351226898,1527,5,1e5e1,f7fc3a00,ulsched C1,0,0
890,2,351228603,563,5,204e1,f7fc3a00,ulsched C1,0,0
891,2,351229321,941,5,1f4e1,f7fc3a00,ulsched C1,0,0
892,2,351230427,567,5,234e1,f7fc3a00,ulsched C1,0,0
893,2,351231174,633,5,1e5e1,f7fc3a00,ulsched C1,0,0
894,2,351231953,472,5,204e1,f7fc3a00,ulsched C1,0,0
895,2,351232567,726,5,1f4e1,f7fc3a00,ulsched C1,0,0
896,3,351233337,699,0,1,f7fc4200,C1T1,0,0
897,3,351234450,268,0,0,ff106a00,idle_thread,0,0
898,2,351234450,607,0,0,f7fc3a00,ulsched C1,0,0
899,3,351235095,487,0,1,f7fc4200,C1T1,0,0
900,2,351235607,1207,5,2a041,f7fc3e00,C1T0,0,0
901,0,351236843,674,0,1,f7fc2200,time server,0,0
902,0,351239252,1274,5,42,f7fc4e00,IDLE0,0,0
903,2,351240552,724,0,1,f7fc3a00,ulsched C1,0,0
904,2,351241493,831,5,47,f7fc3e00,C1T0,0,0
905,0,351424867,756,0,59,f7fc2200,time server,0,0
906,0,351426178,440,5,1a1e1,f7fc2200,time server,0,0
907,0,351427288,586,5,65,f7fc2200,time server,0,0
908,2,351427932,936,0,1,f7fc3a00,ulsched C1,0,0
909,2,351429091,823,5,2a041,f7fc3e00,C1T0,0,0
910,0,351429937,526,5,47,f7fc2200,time server,0,0
911,0,351431298,1320,5,42,f7fc4e00,IDLE0,0,0
912,2,351432646,681,0,1,f7fc3a00,ulsched C1,0,0
913,3,351434735,275,0,0,ff106a00,idle_thread,0,0
914,2,351434735,1108,0,0,f7fc3a00,ulsched C1,0,0
915,3,351435852,490,0,1,ff106a00,idle_thread,0,0
916,2,351436365,659,5,1e5e1,f7fc3a00,ulsched C1,0,0
917,2,351437174,426,5,204e1,f7fc3a00,ulsched C1,0,0
918,2,351437755,734,5,1f4e1,f7fc3a00,ulsched C1,0,0
919,3,351438502,677,0,1,f7fc4600,C1T2,0,0
920,3,351439608,268,0,0,ff106a00,idle_thread,0,0
921,2,351439608,598,0,0,f7fc3a00,ulsched C1,0,0
922,3,351440244,471,0,1,f7fc4600,C1T2,0,0
923,2,351440740,1231,5,2a041,f7fc3e00,C1T0,0,0
924,0,351441998,865,0,1,f7fc2200,time server,0,0
925,0,351444570,1229,5,42,f7fc4e00,IDLE0,0,0
926,2,351445825,1018,0,1,f7fc3a00,ulsched C1,0,0
927,2,351447036,808,5,47,f7fc3e00,C1T0,0,0
928,2,352094592,1103,5,f0041,f7fc3a00,ulsched C1,0,0
929,2,352096422,609,5,204e1,f7fc3a00,ulsched C1,0,0
930,2,352097209,612,5,1f4e1,f7fc3a00,ulsched C1,0,0
931,2,352097994,1035,5,2a041,ff106600,idle_thread,0,0
932,0,352099054,675,0,1,f7fc2200,time server,0,0
933,0,352100426,1269,5,42,f7fc4e00,IDLE0,0,0
934,2,352101723,1002,0,1,f7fc3a00,ulsched C1,0,0
935,2,352103432,1024,5,2a041,ff106600,idle_thread,0,0
936,0,352104481,990,0,1,f7fc2200,time server,0,0
937,0,352107234,1236,5,42,f7fc4e00,IDLE0,0,0
938,2,352108499,953,0,1,f7fc3a00,ulsched C1,0,0
939,2,352109637,687,5,47,ff106600,idle_thread,0,0
940,3,352333032,944,5,f0041,ff106a00,idle_thread,0,0
941,2,352334004,631,0,1,f7fc3a00,ulsched C1,0,0
942,2,352335772,1069,5,2a041,ff106600,idle_thread,0,0
943,0,352336867,1000,0,1,f7fc2200,time server,0,0
944,0,352338575,1265,5,42,f7fc4e00,IDLE0,0,0
945,2,352339868,670,0,1,f7fc3a00,ulsched C1,0,0
946,2,352341385,586,5,204e1,f7fc3a00,ulsched C1,0,0
947,2,352342177,669,5,1e5e1,f7fc3a00,ulsched C1,0,0
948,2,352343007,452,5,204e1,f7fc3a00,ulsched C1,0,0
949,2,352343622,711,5,1f4e1,f7fc3a00,ulsched C1,0,0
950,3,352344379,694,0,1,f7fc4a00,C1T3,0,0
951,3,352345477,307,0,0,ff106a00,idle_thread,0,0
952,2,352345477,657,0,0,f7fc3a00,ulsched C1,0,0
953,3,352346160,467,0,1,f7fc4a00,C1T3,0,0
954,2,352346651,1089,5,2a041,ff106600,idle_thread,0,0
955,0,352347769,689,0,1,f7fc2200,time server,0,0
956,0,352349214,1239,5,42,f7fc4e00,IDLE0,0,0
957,2,352350479,665,0,1,f7fc3a00,ulsched C1,0,0
958,2,352351334,690,5,47,ff106600,idle_thread,0,0
959,2,352565828,450,0,1b,ff106600,idle_thread,0,0
960,3,353241888,957,5,f0041,ff106a00,idle_thread,0,0
961,2,353242871,652,0,1,f7fc3a00,ulsched C1,0,0
962,2,353244666,1107,5,2a041,ff106600,idle_thread,0,0
963,0,353245799,682,0,1,f7fc2200,time server,0,0
964,0,353247200,1235,5,42,f7fc4e00,IDLE0,0,0
965,2,353248464,691,0,1,f7fc3a00,ulsched C1,0,0
966,2,353250174,626,5,204e1,f7fc3a00,ulsched C1,0,0
967,2,353251035,710,5,1e5e1,f7fc3a00,ulsched C1,0,0
968,2,353251907,449,5,204e1,f7fc3a00,ulsched C1,0,0
969,2,353252502,733,5,1f4e1,f7fc3a00,ulsched C1,0,0
970,3,353253271,684,0,1,f7fc5600,IDLE2,0,0
971,3,353254353,278,0,0,ff106a00,idle_thread,0,0
972,2,353254353,660,0,0,f7fc3a00,ulsched C1,0,0
973,3,353255032,475,0,1,f7fc5600,IDLE2,0,0
974,2,353255527,1115,5,2a041,ff106600,idle_thread,0,0
975,0,353256670,665,0,1,f7fc2200,time server,0,0
976,0,353258113,1220,5,42,f7fc4e00,IDLE0,0,0
977,2,353259359,642,0,1,f7fc3a00,ulsched C1,0,0
978,2,353260191,727,5,47,ff106600,idle_thread,0,0
979,0,353354123,755,0,59,f7fc2200,time server,0,0
980,0,353355442,445,5,1a1e1,f7fc2200,time server,0,0
981,0,353357559,840,5,47,f7fc4e00,IDLE0,0,0
982,0,353359012,720,0,59,f7fc2200,time server,0,0
983,0,353360256,441,5,1a1e1,f7fc2200,time server,0,0
984,0,353361449,619,5,65,f7fc2200,time server,0,0
985,2,353362120,650,0,1,f7fc3a00,ulsched C1,0,0
986,2,353362983,736,5,2a041,ff106600,idle_thread,0,0
987,0,353363842,557,5,47,f7fc2200,time server,0,0
988,0,353365069,1377,5,42,f7fc4e00,IDLE0,0,0
989,2,353366474,614,0,1,f7fc3a00,ulsched C1,0,0
990,2,353367880,543,5,204e1,f7fc3a00,ulsched C1,0,0
991,2,353368578,646,5,1f4e1,f7fc3a00,ulsched C1,0,0
992,2,353369418,1106,5,f1085,f7fc3a00,ulsched C1,0,0
993,2,353372616,618,5,204e1,f7fc3a00,ulsched C1,0,0
994,2,353373884,679,5,1e5e1,f7fc3a00,ulsched C1,0,0
995,2,353374736,466,5,204e1,f7fc3a00,ulsched C1,0,0
996,2,353375370,566,5,1f4e1,f7fc3a00,ulsched C1,0,0
997,2,353376087,481,5,234e1,f7fc3a00,ulsched C1,0,0
998,2,353376799,1224,5,2a041,ff106600,idle_thread,0,0
999,0,353378052,721,0,1,f7fc2200,time server,0,0
1000,0,353380544,1278,5,42,f7fc4e00,IDLE0,0,0
1001,2,353381851,701,0,1,f7fc3a00,ulsched C1,0,0
1002,2,353382785,756,5,47,ff106600,idle_thread,0,0
1003,0,354119955,776,0,59,f7fc2200,time server,0,0
1004,0,354121290,433,5,1a1e1,f7fc2200,time server,0,0
1005,0,354122379,621,5,65,f7fc2200,time server,0,0
1006,2,354123038,640,0,1,f7fc3a00,ulsched C1,0,0
1007,2,354123932,666,5,2a041,ff106600,idle_thread,0,0
1008,0,354124781,576,5,47,f7fc2200,time server,0,0
1009,0,354125981,1291,5,42,f7fc4e00,IDLE0,0,0
1010,2,354127294,973,0,1,f7fc3a00,ulsched C1,0,0
1011,2,354128820,565,5,204e1,f7fc3a00,ulsched C1,0,0
1012,2,354129555,591,5,1f4e1,f7fc3a00,ulsched C1,0,0
1013,2,354130360,1036,5,f1085,f7fc3a00,ulsched C1,0,0
1014,2,354133345,654,5,204e1,f7fc3a00,ulsched C1,0,0
1015,2,354134196,697,5,1e5e1,f7fc3a00,ulsched C1,0,0
1016,2,354135062,460,5,204e1,f7fc3a00,ulsched C1,0,0
1017,2,354135672,556,5,1f4e1,f7fc3a00,ulsched C1,0,0
1018,2,354136376,474,5,234e1,f7fc3a00,ulsched C1,0,0
1019,2,354137122,1224,5,2a041,ff106600,idle_thread,0,0
1020,0,354138374,1011,0,1,f7fc2200,time server,0,0
1021,0,354140122,1227,5,42,f7fc4e00,IDLE0,0,0
1022,2,354141375,1035,0,1,f7fc3a00,ulsched C1,0,0
1023,2,354142630,757,5,47,ff106600,idle_thread,0,0
1024,2,355089325,443,0,1b,ff106600,idle_thread,0,0
1025,0,356107690,748,0,59,f7fc2200,time server,0,0
1026,0,356109367,435,5,1a1e1,f7fc2200,time server,0,0
1027,0,356110484,895,5,65,f7fc2200,time server,0,0
1028,0,356113116,831,5,47,f7fc2600,ulsched C0,0,0
1029,0,356114190,1213,5,2a041,f7fc2200,time server,0,0
1030,0,356116457,1090,5,42,f7fc2600,ulsched C0,0,0
1031,0,356119922,665,5,204e1,f7fc2600,ulsched C0,0,0
1032,1,356121174,278,0,0,ff106200,idle_thread,0,0
1033,0,356121174,641,0,0,f7fc2600,ulsched C0,0,0
1034,1,356121833,469,0,1,ff106200,idle_thread,0,0
1035,0,356122328,762,5,1e5e1,f7fc2600,ulsched C0,0,0
1036,0,356123245,468,5,204e1,f7fc2600,ulsched C0,0,0
1037,0,356123881,1106,5,1f4e1,f7fc2600,ulsched C0,0,0
1038,0,356125212,668,5,234e1,f7fc2600,ulsched C0,0,0
1039,0,356126061,675,5,1e5e1,f7fc2600,ulsched C0,0,0
1040,0,356126889,472,5,204e1,f7fc2600,ulsched C0,0,0
1041,0,356127516,724,5,1f4e1,f7fc2600,ulsched C0,0,0
1042,1,356128257,663,0,1,f7fc3200,C0T2,0,0
1043,1,356129334,274,0,0,ff106200,idle_thread,0,0
1044,0,356129334,665,0,0,f7fc2600,ulsched C0,0,0
1045,1,356130018,486,0,1,f7fc3200,C0T2,0,0
1046,0,356130526,1282,5,2a041,f7fc2200,time server,0,0
1047,0,356133048,1295,5,42,f7fc2600,ulsched C0,0,0
1048,0,356134523,806,5,47,f7fc3600,C0T3,0,0
1049,0,356215578,882,0,59,f7fc2200,time server,0,0
1050,0,356217363,462,5,1a1e1,f7fc2200,time server,0,0
1051,0,356218691,676,5,65,f7fc2200,time server,0,0
1052,2,356219400,989,0,1,f7fc3a00,ulsched C1,0,0
1053,2,356220608,732,5,2a041,ff106600,idle_thread,0,0
1054,0,356221362,561,5,47,f7fc2200,time server,0,0
1055,0,356222595,1419,5,42,f7fc3600,C0T3,0,0
1056,2,356224042,619,0,1,f7fc3a00,ulsched C1,0,0
1057,2,356226549,523,5,204e1,f7fc3a00,ulsched C1,0,0
1058,3,356228301,278,0,0,ff106a00,idle_thread,0,0
1059,2,356228301,564,0,0,f7fc3a00,ulsched C1,0,0
1060,3,356228875,481,0,1,ff106a00,idle_thread,0,0
1061,2,356229376,634,5,1e5e1,f7fc3a00,ulsched C1,0,0
1062,2,356230175,425,5,204e1,f7fc3a00,ulsched C1,0,0
1063,2,356230776,1045,5,1f4e1,f7fc3a00,ulsched C1,0,0
1064,2,356232022,662,5,234e1,f7fc3a00,ulsched C1,0,0
1065,2,356232857,673,5,1e5e1,f7fc3a00,ulsched C1,0,0
1066,2,356233698,466,5,204e1,f7fc3a00,ulsched C1,0,0
1067,2,356234319,710,5,1f4e1,f7fc3a00,ulsched C1,0,0
1068,3,356235046,678,0,1,f7fc3e00,C1T0,0,0
1069,3,356236144,269,0,0,ff106a00,idle_thread,0,0
1070,2,356236144,623,0,0,f7fc3a00,ulsched C1,0,0
1071,3,356236783,482,0,1,f7fc3e00,C1T0,0,0
1072,2,356237288,1306,5,2a041,f7fc4200,C1T1,0,0
1073,0,356238622,743,0,1,f7fc2200,time server,0,0
1074,0,356241120,1305,5,42,f7fc3600,C0T3,0,0
1075,2,356242451,783,0,1,f7fc3a00,ulsched C1,0,0
1076,2,356243441,895,5,47,f7fc4200,C1T1,0,0
1077,0,356426736,758,0,59,f7fc2200,time server,0,0
1078,0,356428045,476,5,1a1e1,f7fc2200,time server,0,0
1079,0,356429213,585,5,65,f7fc2200,time server,0,0
1080,2,356429859,966,0,1,f7fc3a00,ulsched C1,0,0
1081,2,356431049,875,5,2a041,f7fc4200,C1T1,0,0
1082,0,356431948,506,5,47,f7fc2200,time server,0,0
1083,0,356433096,1304,5,42,f7fc3600,C0T3,0,0
1084,2,356434425,646,0,1,f7fc3a00,ulsched C1,0,0
1085,2,356436613,610,5,204e1,f7fc3a00,ulsched C1,0,0
1086,2,356437871,650,5,1e5e1,f7fc3a00,ulsched C1,0,0
1087,2,356438703,446,5,204e1,f7fc3a00,ulsched C1,0,0
1088,2,356439295,584,5,1f4e1,f7fc3a00,ulsched C1,0,0
1089,2,356440027,506,5,234e1,f7fc3a00,ulsched C1,0,0
1090,2,356440763,1081,5,2a041,ff106600,idle_thread,0,0
1091,0,356441870,710,0,1,f7fc2200,time server,0,0
1092,0,356444293,1249,5,42,f7fc3600,C0T3,0,0
1093,2,356445570,686,0,1,f7fc3a00,ulsched C1,0,0
1094,2,356446449,722,5,47,ff106600,idle_thread,0,0
1095,0,357072166,757,0,59,f7fc2200,time server,0,0
1096,0,357073495,480,5,1a1e1,f7fc2200,time server,0,0
1097,0,357074657,604,5,65,f7fc2200,time server,0,0
1098,2,357075307,991,0,1,f7fc3a00,ulsched C1,0,0
1099,2,357076530,722,5,2a041,ff106600,idle_thread,0,0
1100,0,357077276,530,5,47,f7fc2200,time server,0,0
1101,1,357077829,1007,5,f0041,ff106200,idle_thread,0,0
1102,0,357078860,1390,5,42,f7fc2600,ulsched C0,0,0
1103,2,357080279,964,0,1,f7fc3a00,ulsched C1,0,0
1104,2,357081801,572,5,204e1,f7fc3a00,ulsched C1,0,0
1105,0,357082397,1303,5,2a041,f7fc2200,time server,0,0
1106,2,357083721,624,5,1f4e1,f7fc3a00,ulsched C1,0,0
1107,0,357084436,1155,5,42,f7fc2600,ulsched C0,0,0
1108,2,357085616,1061,5,f1085,f7fc3a00,ulsched C1,0,0
1109,0,357086993,1193,5,2a041,f7fc2200,time server,0,0
1110,2,357088208,941,5,f5045,f7fc4a00,C1T3,0,0
1111,0,357090059,1188,5,42,f7fc2600,ulsched C0,0,0
1112,0,357091436,1233,5,47,f7fc2600,ulsched C0,0,0
1113,2,357092711,730,0,1,f7fc3a00,ulsched C1,0,0
1114,0,357093468,1190,5,2a041,f7fc2200,time server,0,0
1115,2,357094684,609,5,204e1,f7fc3a00,ulsched C1,0,0
1116,2,357095505,713,5,1e5e1,f7fc3a00,ulsched C1,0,0
1117,0,357096242,1102,5,42,f7fc2600,ulsched C0,0,0
1118,2,357097366,456,5,204e1,f7fc3a00,ulsched C1,0,0
1119,2,357098017,1088,5,1f4e1,f7fc3a00,ulsched C1,0,0
1120,0,357099130,1128,5,2a041,f7fc2200,time server,0,0
1121,2,357100284,657,5,234e1,f7fc3a00,ulsched C1,0,0
1122,0,357101056,1096,5,42,f7fc2600,ulsched C0,0,0
1123,2,357102177,1329,5,2a041,f7fc5600,IDLE2,0,0
1124,0,357103533,906,5,47,f7fc2200,time server,0,0
1125,0,357106248,1316,5,42,f7fc3600,C0T3,0,0
1126,2,357107593,1036,0,1,f7fc3a00,ulsched C1,0,0
1127,2,357108840,847,5,47,f7fc5600,IDLE2,0,0
1128,0,357143550,1159,5,f0041,f7fc2600,ulsched C0,0,0
1129,0,357145917,1165,5,2a041,f7fc2200,time server,0,0
1130,0,357148166,1129,5,42,f7fc2600,ulsched C0,0,0
1131,0,357150206,607,5,204e1,f7fc2600,ulsched C0,0,0
1132,0,357151054,820,5,1e5e1,f7fc2600,ulsched C0,0,0
1133,0,357152056,464,5,204e1,f7fc2600,ulsched C0,0,0
1134,0,357152697,1066,5,1f4e1,f7fc2600,ulsched C0,0,0
1135,0,357153963,719,5,234e1,f7fc2600,ulsched C0,0,0
1136,0,357154917,1275,5,2a041,f7fc2200,time server,0,0
1137,0,357157370,1211,5,42,f7fc2600,ulsched C0,0,0
1138,0,357159154,796,5,47,f7fc4e00,IDLE0,0,0
1139,3,357187266,908,5,f0041,ff106a00,idle_thread,0,0
1140,2,357188200,683,0,1,f7fc3a00,ulsched C1,0,0
1141,2,357189986,1346,5,2a041,f7fc5600,IDLE2,0,0
1142,0,357191354,798,0,1,f7fc2200,time server,0,0
1143,0,357192881,1397,5,42,f7fc4e00,IDLE0,0,0
1144,2,357194307,695,0,1,f7fc3a00,ulsched C1,0,0
1145,2,357196071,716,5,204e1,f7fc3a00,ulsched C1,0,0
1146,2,357197432,719,5,1e5e1,f7fc3a00,ulsched C1,0,0
1147,2,357198310,482,5,204e1,f7fc3a00,ulsched C1,0,0
1148,2,357198969,751,5,1f4e1,f7fc3a00,ulsched C1,0,0
1149,3,357199737,699,0,1,f7fc5a00,IDLE3,0,0
1150,3,357200837,278,0,0,ff106a00,idle_thread,0,0
1151,2,357200837,653,0,0,f7fc3a00,ulsched C1,0,0
1152,3,357201506,474,0,1,f7fc5a00,IDLE3,0,0
1153,2,357202000,1275,5,2a041,f7fc5600,IDLE2,0,0
1154,0,357203304,1001,0,1,f7fc2200,time server,0,0
1155,0,357205089,1273,5,42,f7fc4e00,IDLE0,0,0
1156,2,357206388,663,0,1,f7fc3a00,ulsched C1,0,0
1157,2,357207255,893,5,47,f7fc5600,IDLE2,0,0
1158,0,358377023,853,0,59,f7fc2200,time server,0,0
1159,0,358378489,480,5,1a1e1,f7fc2200,time server,0,0
1160,0,358381338,859,5,47,f7fc4e00,IDLE0,0,0
1161,1,359148458,378,0,1b,ff106200,idle_thread,0,0
1162,0,361076404,767,0,59,f7fc2200,time server,0,0
1163,0,361077755,415,5,1a1e1,f7fc2200,time server,0,0
1164,0,361078876,876,5,65,f7fc2200,time server,0,0
1165,0,361081369,799,5,47,f7fc2600,ulsched C0,0,0
1166,0,361082835,1189,5,2a041,f7fc2200,time server,0,0
1167,0,361085081,1130,5,42,f7fc2600,ulsched C0,0,0
1168,0,361087946,646,5,204e1,f7fc2600,ulsched C0,0,0
1169,0,361088821,772,5,1e5e1,f7fc2600,ulsched C0,0,0
1170,0,361089744,459,5,204e1,f7fc2600,ulsched C0,0,0
1171,0,361090412,1066,5,1f4e1,f7fc2600,ulsched C0,0,0
1172,0,361091661,676,5,234e1,f7fc2600,ulsched C0,0,0
1173,0,361092649,1329,5,2a041,f7fc2200,time server,0,0
1174,0,361095136,1252,5,42,f7fc2600,ulsched C0,0,0
1175,0,361096592,787,5,47,f7fc2a00,C0T0,0,0
1176,0,361131034,903,0,59,f7fc2200,time server,0,0
1177,0,361132841,474,5,1a1e1,f7fc2200,time server,0,0
1178,0,361134069,672,5,65,f7fc2200,time server,0,0
1179,2,361134798,688,0,1,f7fc3a00,ulsched C1,0,0
1180,2,361135734,871,5,2a041,f7fc5600,IDLE2,0,0
1181,0,361136632,577,5,47,f7fc2200,time server,0,0
1182,0,361137888,1362,5,42,f7fc2a00,C0T0,0,0
1183,2,361139279,657,0,1,f7fc3a00,ulsched C1,0,0
1184,2,361140829,622,5,f1085,f7fc3a00,ulsched C1,0,0
1185,3,361143645,274,0,0,ff106a00,idle_thread,0,0
1186,2,361143645,721,0,0,f7fc3a00,ulsched C1,0,0
1187,3,361144384,472,0,1,ff106a00,idle_thread,0,0
1188,2,361144876,748,5,1e5e1,f7fc3a00,ulsched C1,0,0
1189,2,361145781,459,5,204e1,f7fc3a00,ulsched C1,0,0
1190,2,361146408,757,5,1f4e1,f7fc3a00,ulsched C1,0,0
1191,3,361147192,682,0,1,f7fc4600,C1T2,0,0
1192,3,361148311,282,0,0,ff106a00,idle_thread,0,0
1193,2,361148311,669,0,0,f7fc3a00,ulsched C1,0,0
1194,3,361148994,487,0,1,f7fc4600,C1T2,0,0
1195,2,361149505,1341,5,2a041,f7fc5600,IDLE2,0,0
1196,0,361150874,964,0,1,f7fc2200,time server,0,0
1197,0,361153574,1249,5,42,f7fc2a00,C0T0,0,0
1198,2,361154851,1033,0,1,f7fc3a00,ulsched C1,0,0
1199,2,361156099,841,5,47,f7fc5600,IDLE2,0,0
1200,0,361218168,775,0,59,f7fc2200,time server,0,0
1201,0,361219496,440,5,1a1e1,f7fc2200,time server,0,0
1202,0,361220634,604,5,65,f7fc2200,time server,0,0
1203,2,361221291,971,0,1,f7fc3a00,ulsched C1,0,0
1204,2,361222495,820,5,2a041,f7fc5600,IDLE2,0,0
1205,0,361223337,550,5,47,f7fc2200,time server,0,0
1206,0,361224557,1349,5,42,f7fc2a00,C0T0,0,0
1207,2,361225934,651,0,1,f7fc3a00,ulsched C1,0,0
1208,2,361228540,605,5,204e1,f7fc3a00,ulsched C1,0,0
1209,3,361229716,272,0,0,ff106a00,idle_thread,0,0
1210,2,361229716,568,0,0,f7fc3a00,ulsched C1,0,0
1211,3,361230307,487,0,1,ff106a00,idle_thread,0,0
1212,2,361230814,684,5,1e5e1,f7fc3a00,ulsched C1,0,0
1213,2,361231653,431,5,204e1,f7fc3a00,ulsched C1,0,0
1214,2,361232226,1005,5,1f4e1,f7fc3a00,ulsched C1,0,0
1215,2,361233389,609,5,234e1,f7fc3a00,ulsched C1,0,0
1216,2,361234159,594,5,1e5e1,f7fc3a00,ulsched C1,0,0
1217,2,361234899,418,5,204e1,f7fc3a00,ulsched C1,0,0
1218,2,361235459,683,5,1f4e1,f7fc3a00,ulsched C1,0,0
1219,3,361236176,676,0,1,f7fc4200,C1T1,0,0
1220,3,361237277,268,0,0,ff106a00,idle_thread,0,0
1221,2,361237277,626,0,0,f7fc3a00,ulsched C1,0,0
1222,3,361237919,469,0,1,f7fc4200,C1T1,0,0
1223,2,361238413,1237,5,2a041,f7fc3e00,C1T0,0,0
1224,0,361239679,1146,0,1,f7fc2200,time server,0,0
1225,0,361242569,1279,5,42,f7fc2a00,C0T0,0,0
1226,2,361243876,964,0,1,f7fc3a00,ulsched C1,0,0
1227,2,361245044,821,5,47,f7fc3e00,C1T0,0,0
1228,0,361429201,763,0,59,f7fc2200,time server,0,0
1229,0,361430505,429,5,1a1e1,f7fc2200,time server,0,0
1230,0,361431601,604,5,65,f7fc2200,time server,0,0
1231,2,361432273,689,0,1,f7fc3a00,ulsched C1,0,0
1232,2,361433176,853,5,2a041,f7fc3e00,C1T0,0,0
1233,0,361434053,528,5,47,f7fc2200,time server,0,0
1234,0,361435249,1305,5,42,f7fc2a00,C0T0,0,0
1235,2,361436580,672,0,1,f7fc3a00,ulsched C1,0,0
1236,3,361438751,272,0,0,ff106a00,idle_thread,0,0
1237,2,361438751,591,0,0,f7fc3a00,ulsched C1,0,0
1238,2,361439714,681,5,1e5e1,f7fc3a00,ulsched C1,0,0
1239,3,361440423,480,0,1,ff106a00,idle_thread,0,0
1240,2,361440923,445,5,204e1,f7fc3a00,ulsched C1,0,0
1241,2,361441531,703,5,1f4e1,f7fc3a00,ulsched C1,0,0
1242,3,361442260,681,0,1,f7fc4600,C1T2,0,0
1243,3,361443329,272,0,0,ff106a00,idle_thread,0,0
1244,2,361443329,609,0,0,f7fc3a00,ulsched C1,0,0
1245,3,361443976,469,0,1,f7fc4600,C1T2,0,0
1246,2,361444469,1229,5,2a041,f7fc3e00,C1T0,0,0
1247,0,361445724,750,0,1,f7fc2200,time server,0,0
1248,0,361448286,1245,5,42,f7fc2a00,C0T0,0,0
1249,2,361449560,692,0,1,f7fc3a00,ulsched C1,0,0
1250,2,361450462,803,5,47,f7fc3e00,C1T0,0,0
1251,1,361637647,354,0,1b,ff106200,idle_thread,0,0
1252,0,362084779,1189,5,f0041,f7fc2600,ulsched C0,0,0
1253,0,362087390,1150,5,2a041,f7fc2200,time server,0,0
1254,0,362089601,1141,5,42,f7fc2600,ulsched C0,0,0
1255,0,362091865,618,5,204e1,f7fc2600,ulsched C0,0,0
1256,0,362092730,782,5,1e5e1,f7fc2600,ulsched C0,0,0
1257,0,362093685,493,5,204e1,f7fc2600,ulsched C0,0,0
1258,0,362094342,1089,5,1f4e1,f7fc2600,ulsched C0,0,0
1259,0,362095613,665,5,234e1,f7fc2600,ulsched C0,0,0
1260,0,362096561,1235,5,2a041,f7fc2200,time server,0,0
1261,0,362098968,1254,5,42,f7fc2600,ulsched C0,0,0
1262,0,362100819,840,5,47,f7fc4e00,IDLE0,0,0
1263,2,362206294,1076,5,f0041,f7fc3a00,ulsched C1,0,0
1264,2,362208479,1136,5,2a041,ff106600,idle_thread,0,0
1265,0,362209641,1036,0,1,f7fc2200,time server,0,0
1266,0,362211460,1387,5,42,f7fc4e00,IDLE0,0,0
1267,2,362212875,744,0,1,f7fc3a00,ulsched C1,0,0
1268,2,362214524,624,5,204e1,f7fc3a00,ulsched C1,0,0
1269,2,362215375,677,5,1e5e1,f7fc3a00,ulsched C1,0,0
1270,2,362216203,435,5,204e1,f7fc3a00,ulsched C1,0,0
1271,2,362216805,1010,5,1f4e1,f7fc3a00,ulsched C1,0,0
1272,2,362218011,660,5,234e1,f7fc3a00,ulsched C1,0,0
1273,2,362218929,1224,5,2a041,f7fc5600,IDLE2,0,0
1274,0,362220181,960,0,1,f7fc2200,time server,0,0
1275,0,362221921,1281,5,42,f7fc4e00,IDLE0,0,0
1276,2,362223227,709,0,1,f7fc3a00,ulsched C1,0,0
1277,2,362224142,877,5,47,f7fc5600,IDLE2,0,0
1278,3,362314076,904,5,f0041,ff106a00,idle_thread,0,0
1279,2,362315006,678,0,1,f7fc3a00,ulsched C1,0,0
1280,2,362316790,1178,5,2a041,f7fc5600,IDLE2,0,0
1281,0,362317996,1041,0,1,f7fc2200,time server,0,0
1282,0,362319782,1245,5,42,f7fc4e00,IDLE0,0,0
1283,2,362321053,682,0,1,f7fc3a00,ulsched C1,0,0
1284,2,362322710,597,5,204e1,f7fc3a00,ulsched C1,0,0
1285,2,362323545,699,5,1e5e1,f7fc3a00,ulsched C1,0,0
1286,2,362324413,437,5,204e1,f7fc3a00,ulsched C1,0,0
1287,2,362325001,708,5,1f4e1,f7fc3a00,ulsched C1,0,0
1288,3,362325738,680,0,1,f7fc5a00,IDLE3,0,0
1289,3,362326802,271,0,0,ff106a00,idle_thread,0,0
1290,2,362326802,621,0,0,f7fc3a00,ulsched C1,0,0
1291,3,362327442,480,0,1,f7fc5a00,IDLE3,0,0
1292,2,362327942,1199,5,2a041,f7fc5600,IDLE2,0,0
1293,0,362329167,658,0,1,f7fc2200,time server,0,0
1294,0,362330537,1204,5,42,f7fc4e00,IDLE0,0,0
1295,2,362331769,681,0,1,f7fc3a00,ulsched C1,0,0
1296,2,362332672,861,5,47,f7fc5600,IDLE2,0,0
1297,0,363363463,853,0,59,f7fc2200,time server,0,0
1298,0,363364911,484,5,1a1e1,f7fc2200,time server,0,0
1299,0,363367235,867,5,47,f7fc4e00,IDLE0,0,0
1300,1,364126836,345,0,1b,ff106200,idle_thread,0,0
1301,0,366090198,762,0,59,f7fc2200,time server,0,0
1302,0,366091859,444,5,1a1e1,f7fc2200,time server,0,0
1303,0,366092983,598,5,65,f7fc2200,time server,0,0
1304,2,366093627,1006,0,1,f7fc3a00,ulsched C1,0,0
1305,2,366094880,869,5,2a041,f7fc5600,IDLE2,0,0
1306,0,366095773,571,5,47,f7fc2200,time server,0,0
1307,0,366097154,1323,5,42,f7fc4e00,IDLE0,0,0
1308,2,366098507,859,0,1,f7fc3a00,ulsched C1,0,0
1309,2,366100121,638,5,f1085,f7fc3a00,ulsched C1,0,0
1310,2,366102037,573,5,f1085,f7fc3a00,ulsched C1,0,0
1311,3,366104612,277,0,0,ff106a00,idle_thread,0,0
1312,2,366104612,675,0,0,f7fc3a00,ulsched C1,0,0
1313,3,366105303,471,0,1,ff106a00,idle_thread,0,0
1314,2,366105793,731,5,1e5e1,f7fc3a00,ulsched C1,0,0
1315,2,366106695,438,5,204e1,f7fc3a00,ulsched C1,0,0
1316,2,366107306,730,5,1f4e1,f7fc3a00,ulsched C1,0,0
1317,3,366108061,678,0,1,f7fc4a00,C1T3,0,0
1318,3,366109161,276,0,0,ff106a00,idle_thread,0,0
1319,2,366109161,598,0,0,f7fc3a00,ulsched C1,0,0
1320,3,366109785,479,0,1,f7fc4a00,C1T3,0,0
1321,2,366110288,1302,5,2a041,f7fc5600,IDLE2,0,0
1322,0,366111619,997,0,1,f7fc2200,time server,0,0
1323,0,366114433,1198,5,42,f7fc4e00,IDLE0,0,0
1324,2,366115667,882,0,1,f7fc3a00,ulsched C1,0,0
1325,2,366116741,815,5,47,f7fc5600,IDLE2,0,0
1326,0,366220862,791,0,59,f7fc2200,time server,0,0
1327,0,366222188,450,5,1a1e1,f7fc2200,time server,0,0
1328,0,366223371,619,5,65,f7fc2200,time server,0,0
1329,2,366224035,969,0,1,f7fc3a00,ulsched C1,0,0
1330,2,366225251,849,5,2a041,f7fc5600,IDLE2,0,0
1331,0,366226125,530,5,47,f7fc2200,time server,0,0
1332,0,366227375,1305,5,42,f7fc4e00,IDLE0,0,0
1333,2,366228709,931,0,1,f7fc3a00,ulsched C1,0,0
1334,2,366231552,563,5,204e1,f7fc3a00,ulsched C1,0,0
1335,3,366232652,271,0,0,ff106a00,idle_thread,0,0
1336,2,366232652,791,0,0,f7fc3a00,ulsched C1,0,0
1337,3,366233581,478,0,1,ff106a00,idle_thread,0,0
1338,2,366234079,661,5,1e5e1,f7fc3a00,ulsched C1,0,0
1339,2,366234886,440,5,204e1,f7fc3a00,ulsched C1,0,0
1340,2,366235484,970,5,1f4e1,f7fc3a00,ulsched C1,0,0
1341,2,366236637,642,5,234e1,f7fc3a00,ulsched C1,0,0
1342,2,366237448,615,5,1e5e1,f7fc3a00,ulsched C1,0,0
1343,2,366238224,413,5,204e1,f7fc3a00,ulsched C1,0,0
1344,2,366238779,693,5,1f4e1,f7fc3a00,ulsched C1,0,0
1345,3,366239506,675,0,1,f7fc4200,C1T1,0,0
1346,3,366240588,272,0,0,ff106a00,idle_thread,0,0
1347,2,366240588,598,0,0,f7fc3a00,ulsched C1,0,0
1348,3,366241202,472,0,1,f7fc4200,C1T1,0,0
1349,2,366241694,1231,5,2a041,f7fc3e00,C1T0,0,0
1350,0,366242951,937,0,1,f7fc2200,time server,0,0
1351,0,366245661,1211,5,42,f7fc4e00,IDLE0,0,0
1352,2,366246898,708,0,1,f7fc3a00,ulsched C1,0,0
1353,2,366247808,846,5,47,f7fc3e00,C1T0,0,0
1354,3,366400495,938,5,f0041,ff106a00,idle_thread,0,0
1355,2,366401461,687,0,1,f7fc3a00,ulsched C1,0,0
1356,2,366403367,1269,5,2a041,f7fc3e00,C1T0,0,0
1357,0,366404666,679,0,1,f7fc2200,time server,0,0
1358,0,366406055,1229,5,42,f7fc4e00,IDLE0,0,0
1359,2,366407313,704,0,1,f7fc3a00,ulsched C1,0,0
1360,2,366408845,613,5,204e1,f7fc3a00,ulsched C1,0,0
1361,2,366409665,702,5,1e5e1,f7fc3a00,ulsched C1,0,0
1362,2,366410514,418,5,204e1,f7fc3a00,ulsched C1,0,0
1363,2,366411109,711,5,1f4e1,f7fc3a00,ulsched C1,0,0
1364,3,366411852,682,0,1,f7fc4a00,C1T3,0,0
1365,3,366412967,278,0,0,ff106a00,idle_thread,0,0
1366,2,366412967,653,0,0,f7fc3a00,ulsched C1,0,0
1367,3,366413629,470,0,1,f7fc4a00,C1T3,0,0
1368,2,366414123,1243,5,2a041,f7fc3e00,C1T0,0,0
1369,0,366415394,665,0,1,f7fc2200,time server,0,0
1370,0,366416798,1201,5,42,f7fc4e00,IDLE0,0,0
1371,2,366418027,666,0,1,f7fc3a00,ulsched C1,0,0
1372,2,366418922,858,5,47,f7fc3e00,C1T0,0,0
1373,0,366431271,772,0,59,f7fc2200,time server,0,0
1374,0,366432593,439,5,1a1e1,f7fc2200,time server,0,0
1375,0,366434719,823,5,47,f7fc4e00,IDLE0,0,0
1376,1,366616025,345,0,1b,ff106200,idle_thread,0,0
1377,2,367209397,1102,5,f0041,f7fc3a00,ulsched C1,0,0
1378,2,367211516,1086,5,2a041,ff106600,idle_thread,0,0
1379,0,367212630,697,0,1,f7fc2200,time server,0,0
1380,0,367214040,1343,5,42,f7fc4e00,IDLE0,0,0
1381,2,367215411,729,0,1,f7fc3a00,ulsched C1,0,0
1382,2,367217168,666,5,f1085,f7fc3a00,ulsched C1,0,0
1383,2,367218650,550,5,204e1,f7fc3a00,ulsched C1,0,0
1384,2,367219427,702,5,1e5e1,f7fc3a00,ulsched C1,0,0
1385,2,367220283,421,5,204e1,f7fc3a00,ulsched C1,0,0
1386,2,367220859,1031,5,1f4e1,f7fc3a00,ulsched C1,0,0
1387,2,367222064,655,5,234e1,f7fc3a00,ulsched C1,0,0
1388,2,367222973,1274,5,2a041,f7fc5600,IDLE2,0,0
1389,0,367224282,983,0,1,f7fc2200,time server,0,0
1390,0,367226002,1215,5,42,f7fc4e00,IDLE0,0,0
1391,2,367227246,699,0,1,f7fc3a00,ulsched C1,0,0
1392,2,367228147,845,5,47,f7fc5600,IDLE2,0,0
1393,3,367238273,906,5,f0041,ff106a00,idle_thread,0,0
1394,2,367239205,681,0,1,f7fc3a00,ulsched C1,0,0
1395,2,367240954,1248,5,2a041,f7fc5600,IDLE2,0,0
1396,0,367242223,655,0,1,f7fc2200,time server,0,0
1397,0,367243549,1226,5,42,f7fc4e00,IDLE0,0,0
1398,2,367244806,995,0,1,f7fc3a00,ulsched C1,0,0
1399,2,367246822,641,5,204e1,f7fc3a00,ulsched C1,0,0
1400,2,367247656,722,5,1e5e1,f7fc3a00,ulsched C1,0,0
1401,2,367248542,442,5,204e1,f7fc3a00,ulsched C1,0,0
1402,2,367249148,705,5,1f4e1,f7fc3a00,ulsched C1,0,0
1403,3,367249880,690,0,1,f7fc5a00,IDLE3,0,0
1404,3,367250987,274,0,0,ff106a00,idle_thread,0,0
1405,2,367250987,615,0,0,f7fc3a00,ulsched C1,0,0
1406,2,367251844,1235,5,2a041,f7fc5600,IDLE2,0,0
1407,3,367253108,491,0,1,f7fc5a00,IDLE3,0,0
1408,0,367253623,671,0,1,f7fc2200,time server,0,0
1409,0,367255037,1207,5,42,f7fc4e00,IDLE0,0,0
1410,2,367256279,692,0,1,f7fc3a00,ulsched C1,0,0
1411,2,367257173,804,5,47,f7fc5600,IDLE2,0,0
1412,0,368365851,755,0,59,f7fc2200,time server,0,0
1413,0,368367157,441,5,1a1e1,f7fc2200,time server,0,0
1414,0,368369295,805,5,47,f7fc4e00,IDLE0,0,0
1415,0,368959780,747,0,59,f7fc2200,time server,0,0
1416,0,368961427,421,5,1a1e1,f7fc2200,time server,0,0
1417,0,368962513,865,5,65,f7fc2200,time server,0,0
1418,0,368965028,814,5,47,f7fc2600,ulsched C0,0,0
1419,0,368966092,1163,5,2a041,f7fc2200,time server,0,0
1420,0,368967948,1148,5,42,f7fc2600,ulsched C0,0,0
1421,0,368969979,622,5,204e1,f7fc2600,ulsched C0,0,0
1422,0,368970781,654,5,1f4e1,f7fc2600,ulsched C0,0,0
1423,0,368971650,786,5,f1085,f7fc2600,ulsched C0,0,0
1424,1,368972462,679,0,1,f7fc3200,C0T2,0,0
1425,1,368975056,282,0,0,ff106200,idle_thread,0,0
1426,0,368975056,1155,0,0,f7fc2600,ulsched C0,0,0
1427,1,368976233,487,0,1,ff106200,idle_thread,0,0
1428,0,368976746,780,5,1e5e1,f7fc2600,ulsched C0,0,0
1429,0,368977702,474,5,204e1,f7fc2600,ulsched C0,0,0
1430,0,368978338,584,5,1f4e1,f7fc2600,ulsched C0,0,0
1431,0,368979069,501,5,234e1,f7fc2600,ulsched C0,0,0
1432,0,368979797,1411,5,2a041,f7fc2200,time server,0,0
1433,0,368983461,1354,5,42,f7fc2600,ulsched C0,0,0
1434,0,368985484,811,5,47,f7fc4e00,IDLE0,0,0
1435,1,369108980,358,0,1b,ff106200,idle_thread,0,0
1436,0,371071962,883,0,59,f7fc2200,time server,0,0
1437,0,371073763,454,5,1a1e1,f7fc2200,time server,0,0
1438,0,371074938,862,5,65,f7fc2200,time server,0,0
1439,0,371077474,793,5,47,f7fc2600,ulsched C0,0,0
1440,0,371078501,1225,5,2a041,f7fc2200,time server,0,0
1441,0,371080770,1102,5,42,f7fc2600,ulsched C0,0,0
1442,0,371083023,590,5,f1085,f7fc2600,ulsched C0,0,0
1443,0,371085349,585,5,204e1,f7fc2600,ulsched C0,0,0
1444,0,371086158,763,5,1e5e1,f7fc2600,ulsched C0,0,0
1445,0,371087088,454,5,204e1,f7fc2600,ulsched C0,0,0
1446,0,371087730,1110,5,1f4e1,f7fc2600,ulsched C0,0,0
1447,0,371089034,660,5,234e1,f7fc2600,ulsched C0,0,0
1448,0,371090018,1273,5,2a041,f7fc2200,time server,0,0
1449,0,371092516,1242,5,42,f7fc2600,ulsched C0,0,0
1450,0,371094332,823,5,47,f7fc2e00,C0T1,0,0
1451,0,371110201,904,0,59,f7fc2200,time server,0,0
1452,0,371112496,481,5,1a1e1,f7fc2200,time server,0,0
1453,0,371113723,676,5,65,f7fc2200,time server,0,0
1454,2,371114444,984,0,1,f7fc3a00,ulsched C1,0,0
1455,2,371115662,873,5,2a041,f7fc5600,IDLE2,0,0
1456,0,371116562,583,5,47,f7fc2200,time server,0,0
1457,0,371117812,1430,5,42,f7fc2e00,C0T1,0,0
1458,2,371119268,988,0,1,f7fc3a00,ulsched C1,0,0
1459,2,371121071,645,5,f1085,f7fc3a00,ulsched C1,0,0
1460,2,371122640,601,5,f1085,f7fc3a00,ulsched C1,0,0
1461,3,371125467,274,0,0,ff106a00,idle_thread,0,0
1462,2,371125467,721,0,0,f7fc3a00,ulsched C1,0,0
1463,3,371126205,475,0,1,ff106a00,idle_thread,0,0
1464,2,371126702,716,5,1e5e1,f7fc3a00,ulsched C1,0,0
1465,2,371127600,440,5,204e1,f7fc3a00,ulsched C1,0,0
1466,2,371128219,719,5,1f4e1,f7fc3a00,ulsched C1,0,0
1467,3,371128968,679,0,1,f7fc4600,C1T2,0,0
1468,3,371130058,278,0,0,ff106a00,idle_thread,0,0
1469,2,371130058,661,0,0,f7fc3a00,ulsched C1,0,0
1470,3,371130735,486,0,1,f7fc4600,C1T2,0,0
1471,2,371131245,1306,5,2a041,f7fc5600,IDLE2,0,0
1472,0,371132583,978,0,1,f7fc2200,time server,0,0
1473,0,371134356,1258,5,42,f7fc2e00,C0T1,0,0
1474,2,371135642,1012,0,1,f7fc3a00,ulsched C1,0,0
1475,0,371136682,790,0,59,f7fc2200,time server,0,0
1476,2,371137494,863,5,47,f7fc5600,IDLE2,0,0
1477,0,371138381,451,5,1a1e1,f7fc2200,time server,0,0
1478,0,371139532,875,5,65,f7fc2200,time server,0,0
1479,0,371142106,822,5,47,f7fc2600,ulsched C0,0,0
1480,0,371143185,1165,5,2a041,f7fc2200,time server,0,0
1481,0,371145088,1101,5,42,f7fc2600,ulsched C0,0,0
1482,0,371147094,634,5,204e1,f7fc2600,ulsched C0,0,0
1483,0,371147886,631,5,1f4e1,f7fc2600,ulsched C0,0,0
1484,0,371148730,720,5,f1085,f7fc2600,ulsched C0,0,0
1485,1,371149467,684,0,1,f7fc3600,C0T3,0,0
1486,0,371150297,745,5,f5045,f7fc2600,ulsched C0,0,0
1487,2,371151069,647,0,1,f7fc3a00,ulsched C1,0,0
1488,2,371152113,1184,5,2a041,f7fc5600,IDLE2,0,0
1489,1,371153782,278,0,0,ff106200,idle_thread,0,0
1490,0,371153782,643,0,0,f7fc2600,ulsched C0,0,0
1491,1,371154436,486,0,1,ff106200,idle_thread,0,0
1492,0,371154948,743,5,1e5e1,f7fc2600,ulsched C0,0,0
1493,0,371155841,444,5,204e1,f7fc2600,ulsched C0,0,0
1494,0,371156475,788,5,1f4e1,f7fc2600,ulsched C0,0,0
1495,1,371157282,681,0,1,f7fc4e00,IDLE0,0,0
1496,1,371158385,269,0,0,ff106200,idle_thread,0,0
1497,0,371158385,706,0,0,f7fc2600,ulsched C0,0,0
1498,1,371159110,481,0,1,f7fc4e00,IDLE0,0,0
1499,0,371159610,1033,5,2a041,f7fc2200,time server,0,0
1500,0,371161817,1282,5,42,f7fc2200,time server,0,0
1501,2,371163122,1024,0,1,f7fc3a00,ulsched C1,0,0
1502,0,371164341,1160,5,42,f7fc2600,ulsched C0,0,0
1503,2,371165527,1161,5,2a041,f7fc5600,IDLE2,0,0
1504,0,371166714,842,5,47,f7fc2200,time server,0,0
1505,0,371169312,1357,5,42,f7fc2e00,C0T1,0,0
1506,2,371170703,989,0,1,f7fc3a00,ulsched C1,0,0
1507,2,371171897,760,5,47,f7fc5600,IDLE2,0,0
1508,0,371215010,860,0,59,f7fc2200,time server,0,0
1509,0,371216474,489,5,1a1e1,f7fc2200,time server,0,0
1510,0,371217705,641,5,65,f7fc2200,time server,0,0
1511,2,371218389,654,0,1,f7fc3a00,ulsched C1,0,0
1512,2,371219276,816,5,2a041,f7fc5600,IDLE2,0,0
1513,0,371220110,634,5,47,f7fc2200,time server,0,0
1514,0,371221405,1389,5,42,f7fc2e00,C0T1,0,0
1515,2,371222823,641,0,1,f7fc3a00,ulsched C1,0,0
1516,2,371225311,574,5,204e1,f7fc3a00,ulsched C1,0,0
1517,3,371226450,273,0,0,ff106a00,idle_thread,0,0
1518,2,371226450,575,0,0,f7fc3a00,ulsched C1,0,0
1519,3,371227041,486,0,1,ff106a00,idle_thread,0,0
1520,2,371227547,724,5,1e5e1,f7fc3a00,ulsched C1,0,0
1521,2,371228431,409,5,204e1,f7fc3a00,ulsched C1,0,0
1522,2,371229009,990,5,1f4e1,f7fc3a00,ulsched C1,0,0
1523,2,371230186,640,5,234e1,f7fc3a00,ulsched C1,0,0
1524,2,371231015,565,5,1e5e1,f7fc3a00,ulsched C1,0,0
1525,2,371231732,445,5,204e1,f7fc3a00,ulsched C1,0,0
1526,2,371232324,693,5,1f4e1,f7fc3a00,ulsched C1,0,0
1527,3,371233043,673,0,1,f7fc4200,C1T1,0,0
1528,3,371234123,273,0,0,ff106a00,idle_thread,0,0
1529,2,371234123,622,0,0,f7fc3a00,ulsched C1,0,0
1530,3,371234774,485,0,1,f7fc4200,C1T1,0,0
1531,2,371235284,1236,5,2a041,f7fc3e00,C1T0,0,0
1532,0,371236549,900,0,1,f7fc2200,time server,0,0
1533,0,371239196,1287,5,42,f7fc2e00,C0T1,0,0
1534,2,371240509,1023,0,1,f7fc3a00,ulsched C1,0,0
1535,2,371241745,807,5,47,f7fc3e00,C1T0,0,0
1536,0,371425827,759,0,59,f7fc2200,time server,0,0
1537,0,371427156,435,5,1a1e1,f7fc2200,time server,0,0
1538,0,371428309,570,5,65,f7fc2200,time server,0,0
1539,2,371428937,989,0,1,f7fc3a00,ulsched C1,0,0
1540,2,371430146,830,5,2a041,f7fc3e00,C1T0,0,0
1541,0,371431003,532,5,47,f7fc2200,time server,0,0
1542,0,371432319,1321,5,42,f7fc2e00,C0T1,0,0
1543,2,371433666,647,0,1,f7fc3a00,ulsched C1,0,0
1544,3,371435835,275,0,0,ff106a00,idle_thread,0,0
1545,2,371435835,594,0,0,f7fc3a00,ulsched C1,0,0
1546,2,371436796,631,5,1e5e1,f7fc3a00,ulsched C1,0,0
1547,3,371437453,482,0,1,ff106a00,idle_thread,0,0
1548,2,371437955,452,5,204e1,f7fc3a00,ulsched C1,0,0
1549,2,371438560,704,5,1f4e1,f7fc3a00,ulsched C1,0,0
1550,3,371439290,675,0,1,f7fc4600,C1T2,0,0
1551,3,371440362,268,0,0,ff106a00,idle_thread,0,0
1552,2,371440362,600,0,0,f7fc3a00,ulsched C1,0,0
1553,3,371440984,475,0,1,f7fc4600,C1T2,0,0
1554,2,371441479,1169,5,2a041,f7fc3e00,C1T0,0,0
1555,0,371442674,713,0,1,f7fc2200,time server,0,0
1556,0,371445155,1254,5,42,f7fc2e00,C0T1,0,0
1557,2,371446438,686,0,1,f7fc3a00,ulsched C1,0,0
1558,2,371447353,820,5,47,f7fc3e00,C1T0,0,0
