0,0,828523480,251,1,801,f47b4d00,benchmark_obj:c,0,0
1,0,828524084,1682,5,63,f47b4d00,benchmark_obj:c,0,0
2,0,828526295,214,1,84c,f47b4d00,benchmark_obj:c,0,1
3,0,828527091,203,1,84c,f47b4d00,benchmark_obj:c,0,1
4,0,828527685,1185,5,45,f47b7500,flight_obj:flig,0,1
5,0,828535689,1793,5,41,f47be100,motors_obj:moto,0,1
6,0,828541476,973,5,170a1,f47be100,motors_obj:moto,0,1
7,0,828542828,1282,5,41,f47ca100,tk1_i2c_obj:tk1,0,1
8,0,828547350,1206,5,63,f47ca100,tk1_i2c_obj:tk1,0,1
9,0,828549298,512,5,191e1,f47ca100,tk1_i2c_obj:tk1,0,1
10,0,828550242,827,5,65,f47bc900,main_obj:contro,0,1
11,0,828558671,851,1,809,f47bc900,main_obj:contro,0,72
12,0,828559846,169,1,809,f47bc900,main_obj:contro,0,75
13,0,828560675,148,1,809,f47bc900,main_obj:contro,0,6e
14,0,828561460,99,1,809,f47bc900,main_obj:contro,0,40
15,0,828562195,99,1,809,f47bc900,main_obj:contro,0,6d
16,0,828562931,99,1,809,f47bc900,main_obj:contro,0,61
17,0,828563667,99,1,809,f47bc900,main_obj:contro,0,69
18,0,828564404,99,1,809,f47bc900,main_obj:contro,0,6e
19,0,828565141,99,1,809,f47bc900,main_obj:contro,0,2e
20,0,828565878,39228,1,809,f47bc900,main_obj:contro,0,63
21,0,828605412,60272,1,809,f47bc900,main_obj:contro,0,3a
22,0,828665970,59959,1,809,f47bc900,main_obj:contro,0,39
23,0,828726215,59905,1,809,f47bc900,main_obj:contro,0,36
24,0,828786406,60259,1,809,f47bc900,main_obj:contro,0,20
25,0,828846951,59945,1,809,f47bc900,main_obj:contro,0,49
26,0,828907182,59938,1,809,f47bc900,main_obj:contro,0,6e
27,0,828967406,59939,1,809,f47bc900,main_obj:contro,0,69
28,0,829027631,60259,1,809,f47bc900,main_obj:contro,0,74
29,0,829088176,59932,1,809,f47bc900,main_obj:contro,0,69
30,0,829148394,59938,1,809,f47bc900,main_obj:contro,0,61
31,0,829208618,60273,1,809,f47bc900,main_obj:contro,0,6c
32,0,829269177,59952,1,809,f47bc900,main_obj:contro,0,69
33,0,829329415,59932,1,809,f47bc900,main_obj:contro,0,7a
34,0,829389633,59938,1,809,f47bc900,main_obj:contro,0,65
35,0,829449857,60273,1,809,f47bc900,main_obj:contro,0,64
36,0,829510416,59932,1,809,f47bc900,main_obj:contro,0,20
37,0,829570634,59952,1,809,f47bc900,main_obj:contro,0,42
38,0,829630872,60266,1,809,f47bc900,main_obj:contro,0,65
39,0,829691424,59945,1,809,f47bc900,main_obj:contro,0,6e
40,0,829751655,59925,1,809,f47bc900,main_obj:contro,0,63
41,0,829811866,59932,1,809,f47bc900,main_obj:contro,0,68
42,0,829872084,60307,1,809,f47bc900,main_obj:contro,0,6d
43,0,829932723,857,0,1b,f47bc900,main_obj:contro,0,6d
44,0,829933873,58599,1,809,f47bc900,main_obj:contro,0,61
45,0,829992758,60286,1,809,f47bc900,main_obj:contro,0,72
46,0,830053330,59925,1,809,f47bc900,main_obj:contro,0,6b
47,0,830113541,59925,1,809,f47bc900,main_obj:contro,0,20
48,0,830173752,60266,1,809,f47bc900,main_obj:contro,0,63
49,0,830234304,59945,1,809,f47bc900,main_obj:contro,0,6f
50,0,830294535,59925,1,809,f47bc900,main_obj:contro,0,6d
51,0,830354746,59952,1,809,f47bc900,main_obj:contro,0,70
52,0,830414984,60266,1,809,f47bc900,main_obj:contro,0,6f
53,0,830475536,59945,1,809,f47bc900,main_obj:contro,0,6e
54,0,830535767,59939,1,809,f47bc900,main_obj:contro,0,65
55,0,830595992,60266,1,809,f47bc900,main_obj:contro,0,6e
56,0,830656544,59925,1,809,f47bc900,main_obj:contro,0,74
57,0,830716755,60041,1,809,f47bc900,main_obj:contro,0,2e
58,0,830777085,120400,1,869,f47bc900,main_obj:contro,0,a
59,0,830899114,58630,1,809,f47bc900,main_obj:contro,0,4d
60,0,830958045,59962,1,809,f47bc900,main_obj:contro,0,61
61,0,831018293,59959,1,809,f47bc900,main_obj:contro,0,69
62,0,831078538,60273,1,809,f47bc900,main_obj:contro,0,6e
63,0,831139097,59938,1,809,f47bc900,main_obj:contro,0,3a
64,0,831199321,59939,1,809,f47bc900,main_obj:contro,0,20
65,0,831259546,59932,1,809,f47bc900,main_obj:contro,0,49
66,0,831319764,60272,1,809,f47bc900,main_obj:contro,0,6e
67,0,831380322,59959,1,809,f47bc900,main_obj:contro,0,69
68,0,831440567,59925,1,809,f47bc900,main_obj:contro,0,74
69,0,831500778,60266,1,809,f47bc900,main_obj:contro,0,20
70,0,831561330,59925,1,809,f47bc900,main_obj:contro,0,64
71,0,831621541,59918,1,809,f47bc900,main_obj:contro,0,6f
72,0,831681745,60273,1,809,f47bc900,main_obj:contro,0,6e
73,0,831742304,59986,1,809,f47bc900,main_obj:contro,0,65
74,0,831802579,59963,1,809,f47bc900,main_obj:contro,0,2e
75,0,831862895,120392,1,869,f47bc900,main_obj:contro,0,a
76,0,831985309,1344,5,b0c1,f47c9500,tk1_i2c_obj:i2c,0,a
77,0,831994468,642,5,33065,ffdf9100,idle_thread,0,a
78,0,831995552,1420,0,46,f47ca100,tk1_i2c_obj:tk1,0,a
79,0,831999291,1281,5,63,f47ca100,tk1_i2c_obj:tk1,0,a
80,0,832001293,505,5,191e1,f47ca100,tk1_i2c_obj:tk1,0,a
81,0,832002251,879,5,65,f47c9500,tk1_i2c_obj:i2c,0,a
82,0,832003838,2620,5,42,f47c9500,tk1_i2c_obj:i2c,0,a
83,0,832014433,736,5,33065,f47ba100,io_expander_obj,0,a
84,0,832017129,1011,5,41,ffdf9100,idle_thread,0,a
85,0,832018563,1523,0,46,f47ca100,tk1_i2c_obj:tk1,0,a
86,0,832022250,582,5,191e1,f47ca100,tk1_i2c_obj:tk1,0,a
87,0,832023274,500,5,65,ffdf9100,idle_thread,0,a
88,0,832024178,1266,0,46,f47ca100,tk1_i2c_obj:tk1,0,a
89,0,832027118,1186,5,63,f47ca100,tk1_i2c_obj:tk1,0,a
90,0,832029034,595,5,191e1,f47ca100,tk1_i2c_obj:tk1,0,a
91,0,832030031,710,5,65,f47c9500,tk1_i2c_obj:i2c,0,a
92,0,832031334,1956,5,42,f47c9500,tk1_i2c_obj:i2c,0,a
93,0,832041019,773,5,33065,f47be100,motors_obj:moto,0,a
94,0,832042813,1408,5,83,f47be100,motors_obj:moto,0,a
95,0,832044493,802,5,45,f47b7500,flight_obj:flig,0,a
96,0,832046314,1487,5,83,f47b7500,flight_obj:flig,0,a
97,0,832048116,902,5,45,f47c2500,stabiliser_obj:,0,a
98,0,832050647,210,1,84c,f47c2500,stabiliser_obj:,0,1
99,0,832051160,496,5,45,ffdf9100,idle_thread,0,1
100,0,832052191,1480,0,40,f47c8100,tk1_gpio_obj:ir,0,1
101,0,832056841,488,5,191e1,f47c8100,tk1_gpio_obj:ir,0,1
102,0,832057717,542,5,65,ffdf9100,idle_thread,0,1
103,0,832058674,1301,0,46,f47ca100,tk1_i2c_obj:tk1,0,1
104,0,832062534,482,5,191e1,f47ca100,tk1_i2c_obj:tk1,0,1
105,0,832063405,478,5,65,ffdf9100,idle_thread,0,1
106,0,832064404,1225,0,46,f47ca100,tk1_i2c_obj:tk1,0,1
107,0,832067368,965,5,63,f47ca100,tk1_i2c_obj:tk1,0,1
108,0,832069030,543,5,191e1,f47ca100,tk1_i2c_obj:tk1,0,1
109,0,832069961,731,5,65,f47c9500,tk1_i2c_obj:i2c,0,1
110,0,832077856,439,5,33065,ffdf9100,idle_thread,0,1
111,0,832078665,665,0,46,f47ca100,tk1_i2c_obj:tk1,0,1
112,0,832081356,1021,5,63,f47ca100,tk1_i2c_obj:tk1,0,1
113,0,832083083,519,5,191e1,f47ca100,tk1_i2c_obj:tk1,0,1
114,0,832083988,699,5,65,f47c9500,tk1_i2c_obj:i2c,0,1
115,0,832085379,666,5,842,f47ba100,io_expander_obj,0,1
116,0,832087200,1550,5,41,f47c9500,tk1_i2c_obj:i2c,0,1
117,0,832096436,463,5,33065,ffdf9100,idle_thread,0,1
118,0,832097261,959,0,40,f47c8100,tk1_gpio_obj:ir,0,1
119,0,832099902,562,5,191e1,f47c8100,tk1_gpio_obj:ir,0,1
120,0,832100814,448,5,65,ffdf9100,idle_thread,0,1
121,0,832101678,1279,0,46,f47ca100,tk1_i2c_obj:tk1,0,1
122,0,832105032,425,5,191e1,f47ca100,tk1_i2c_obj:tk1,0,1
123,0,832105846,466,5,65,ffdf9100,idle_thread,0,1
124,0,832106680,1227,0,46,f47ca100,tk1_i2c_obj:tk1,0,1
125,0,832109618,934,5,63,f47ca100,tk1_i2c_obj:tk1,0,1
126,0,832111252,491,5,191e1,f47ca100,tk1_i2c_obj:tk1,0,1
127,0,832112131,717,5,65,f47c9500,tk1_i2c_obj:i2c,0,1
128,0,832119911,439,5,33065,ffdf9100,idle_thread,0,1
129,0,832120744,668,0,46,f47ca100,tk1_i2c_obj:tk1,0,1
130,0,832123421,878,5,63,f47ca100,tk1_i2c_obj:tk1,0,1
131,0,832125005,504,5,191e1,f47ca100,tk1_i2c_obj:tk1,0,1
132,0,832125895,686,5,65,f47c9500,tk1_i2c_obj:i2c,0,1
133,0,832127166,599,5,842,f47ba100,io_expander_obj,0,1
134,0,832128309,1393,5,41,f47c9500,tk1_i2c_obj:i2c,0,1
135,0,832137369,539,5,33065,ffdf9100,idle_thread,0,1
136,0,832138300,1275,0,46,f47ca100,tk1_i2c_obj:tk1,0,1
137,0,832141601,535,5,191e1,f47ca100,tk1_i2c_obj:tk1,0,1
138,0,832142525,451,5,65,ffdf9100,idle_thread,0,1
139,0,832143275,671,0,99,f47c4900,time_server_obj,0,1
140,0,832145817,1254,5,63,f47c4900,time_server_obj,0,1
141,0,832147820,1030,5,63,f47c4900,time_server_obj,0,1
142,0,832149556,382,5,191e1,f47c4900,time_server_obj,0,1
143,0,832150355,768,5,65,f47c0500,planner_obj:tim,0,1
144,0,832152688,187,1,84c,f47c0500,planner_obj:tim,0,1
145,0,832153365,721,5,65,f47c3500,stabiliser_obj:,0,1
146,0,832155433,159,1,84c,f47c3500,stabiliser_obj:,0,1
147,0,832155975,1219,5,43,f47c3500,stabiliser_obj:,0,1
148,0,832157532,718,5,65,f47c2500,stabiliser_obj:,0,1
149,0,832159760,1297,5,41,f47b7500,flight_obj:flig,0,1
150,0,832162154,992,5,170a1,f47b7500,flight_obj:flig,0,1
151,0,832163538,583,5,841,f47c1900,sensors_obj:sen,0,1
152,0,832166081,585,5,170a1,f47c1900,sensors_obj:sen,0,1
153,0,832166993,816,5,41,ffdf9100,idle_thread,0,1
154,0,832168177,1367,0,46,f47ca100,tk1_i2c_obj:tk1,0,1
155,0,832171536,1072,5,63,f47ca100,tk1_i2c_obj:tk1,0,1
156,0,832173312,526,5,191e1,f47ca100,tk1_i2c_obj:tk1,0,1
157,0,832174226,752,5,65,f47c9500,tk1_i2c_obj:i2c,0,1
158,0,832175570,1965,5,42,f47c9500,tk1_i2c_obj:i2c,0,1
159,0,832185294,869,5,33065,f47ba100,io_expander_obj,0,1
160,0,832186857,826,5,41,ffdf9100,idle_thread,0,1
161,0,832188068,1328,0,46,f47ca100,tk1_i2c_obj:tk1,0,1
162,0,832191472,564,5,191e1,f47ca100,tk1_i2c_obj:tk1,0,1
163,0,832192428,460,5,65,ffdf9100,idle_thread,0,1
164,0,832193256,1335,0,40,f47c8100,tk1_gpio_obj:ir,0,1
165,0,832197516,446,5,191e1,f47c8100,tk1_gpio_obj:ir,0,1
166,0,832198313,435,5,65,ffdf9100,idle_thread,0,1
167,0,832199164,595,0,46,f47ca100,tk1_i2c_obj:tk1,0,1
168,0,832201702,1102,5,63,f47ca100,tk1_i2c_obj:tk1,0,1
169,0,832203510,472,5,191e1,f47ca100,tk1_i2c_obj:tk1,0,1
170,0,832204370,700,5,65,f47c9500,tk1_i2c_obj:i2c,0,1
171,0,832205655,1789,5,42,f47c9500,tk1_i2c_obj:i2c,0,1
172,0,832215137,746,5,33065,f47c1900,sensors_obj:sen,0,1
173,0,832216789,1481,5,83,f47c1900,sensors_obj:sen,0,1
174,0,832218542,735,5,45,f47b7500,flight_obj:flig,0,1
175,0,832222677,1423,5,41,f47be100,motors_obj:moto,0,1
176,0,832226633,881,5,170a1,f47be100,motors_obj:moto,0,1
177,0,832227901,687,5,41,ffdf9100,idle_thread,0,1
178,0,832228973,1364,0,46,f47ca100,tk1_i2c_obj:tk1,0,1
179,0,832232706,496,5,191e1,f47ca100,tk1_i2c_obj:tk1,0,1
180,0,832233610,475,5,65,ffdf9100,idle_thread,0,1
181,0,832234453,1218,0,46,f47ca100,tk1_i2c_obj:tk1,0,1
182,0,832237354,1033,5,63,f47ca100,tk1_i2c_obj:tk1,0,1
183,0,832239088,478,5,191e1,f47ca100,tk1_i2c_obj:tk1,0,1
184,0,832239953,689,5,65,f47c9500,tk1_i2c_obj:i2c,0,1
185,0,832241245,1580,5,42,f47c9500,tk1_i2c_obj:i2c,0,1
186,0,832250442,734,5,33065,f47ba100,io_expander_obj,0,1
187,0,832251843,774,5,41,ffdf9100,idle_thread,0,1
188,0,832253002,1077,0,40,f47c8100,tk1_gpio_obj:ir,0,1
189,0,832255593,437,5,191e1,f47c8100,tk1_gpio_obj:ir,0,1
190,0,832256380,435,5,65,ffdf9100,idle_thread,0,1
191,0,832257231,1209,0,40,f47c8100,tk1_gpio_obj:ir,0,1
192,0,832259882,386,5,191e1,f47c8100,tk1_gpio_obj:ir,0,1
193,0,832260609,457,5,65,ffdf9100,idle_thread,0,1
194,0,832261482,645,0,40,f47c8100,tk1_gpio_obj:ir,0,1
195,0,832263304,377,5,191e1,f47c8100,tk1_gpio_obj:ir,0,1
196,0,832264021,437,5,65,ffdf9100,idle_thread,0,1
197,0,832264875,937,0,46,f47ca100,tk1_i2c_obj:tk1,0,1
198,0,832267894,427,5,191e1,f47ca100,tk1_i2c_obj:tk1,0,1
199,0,832268713,465,5,65,ffdf9100,idle_thread,0,1
200,0,832269682,1231,0,46,f47ca100,tk1_i2c_obj:tk1,0,1
201,0,832272594,980,5,63,f47ca100,tk1_i2c_obj:tk1,0,1
202,0,832274277,463,5,191e1,f47ca100,tk1_i2c_obj:tk1,0,1
203,0,832275126,687,5,65,f47c9500,tk1_i2c_obj:i2c,0,1
204,0,832276379,1765,5,42,f47c9500,tk1_i2c_obj:i2c,0,1
205,0,832285843,797,5,33065,f47be100,motors_obj:moto,0,1
206,0,832287196,1382,5,83,f47be100,motors_obj:moto,0,1
207,0,832288851,733,5,45,f47b7500,flight_obj:flig,0,1
208,0,832290332,1185,5,83,f47b7500,flight_obj:flig,0,1
209,0,832291833,715,5,45,f47c2500,stabiliser_obj:,0,1
210,0,832293751,310,1,84c,f47c2500,stabiliser_obj:,0,1
211,0,832294364,521,5,45,ffdf9100,idle_thread,0,1
212,0,832295398,1382,0,46,f47ca100,tk1_i2c_obj:tk1,0,1
213,0,832299121,448,5,191e1,f47ca100,tk1_i2c_obj:tk1,0,1
214,0,832299961,534,5,65,ffdf9100,idle_thread,0,1
215,0,832301012,1231,0,46,f47ca100,tk1_i2c_obj:tk1,0,1
216,0,832303956,907,5,63,f47ca100,tk1_i2c_obj:tk1,0,1
217,0,832305600,492,5,191e1,f47ca100,tk1_i2c_obj:tk1,0,1
218,0,832306478,725,5,65,f47c9500,tk1_i2c_obj:i2c,0,1
219,0,832307817,625,5,842,f47ba100,io_expander_obj,0,1
220,0,832309715,1525,5,83,f47bf500,planner_obj:con,0,1
221,0,832312625,187,1,84c,f47bf500,planner_obj:con,0,1
222,0,832313191,178,1,84c,f47bf500,planner_obj:con,0,1
223,0,832313762,160,1,84c,f47bf500,planner_obj:con,0,1
224,0,832314235,1185,0,40,f47bf500,planner_obj:con,0,1
225,0,832315904,160,1,84c,f47bf500,planner_obj:con,0,1
226,0,832316363,929,5,45,f47c8100,tk1_gpio_obj:ir,0,1
227,0,832318995,361,5,191e1,f47c8100,tk1_gpio_obj:ir,0,1
228,0,832319710,817,5,65,f47ba100,io_expander_obj,0,1
229,0,832320956,481,5,45,ffdf9100,idle_thread,0,1
230,0,832321839,1322,0,40,f47c8100,tk1_gpio_obj:ir,0,1
231,0,832324478,345,5,191e1,f47c8100,tk1_gpio_obj:ir,0,1
232,0,832325158,436,5,65,ffdf9100,idle_thread,0,1
233,0,832326010,913,0,1b,ffdf9100,idle_thread,0,1
234,0,832327368,754,0,40,f47c8100,tk1_gpio_obj:ir,0,1
235,0,832329656,365,5,191e1,f47c8100,tk1_gpio_obj:ir,0,1
236,0,832330362,458,5,65,ffdf9100,idle_thread,0,1
237,0,832331237,955,0,40,f47c8100,tk1_gpio_obj:ir,0,1
238,0,832333367,343,5,191e1,f47c8100,tk1_gpio_obj:ir,0,1
239,0,832334052,437,5,65,ffdf9100,idle_thread,0,1
240,0,832334905,641,0,40,f47c8100,tk1_gpio_obj:ir,0,1
241,0,832336994,363,5,191e1,f47c8100,tk1_gpio_obj:ir,0,1
242,0,832337698,437,5,65,ffdf9100,idle_thread,0,1
243,0,832338551,887,0,40,f47c8100,tk1_gpio_obj:ir,0,1
244,0,832340616,343,5,191e1,f47c8100,tk1_gpio_obj:ir,0,1
245,0,832341300,437,5,65,ffdf9100,idle_thread,0,1
246,0,832342154,641,0,40,f47c8100,tk1_gpio_obj:ir,0,1
247,0,832344233,363,5,191e1,f47c8100,tk1_gpio_obj:ir,0,1
248,0,832344937,437,5,65,ffdf9100,idle_thread,0,1
249,0,832345790,887,0,40,f47c8100,tk1_gpio_obj:ir,0,1
250,0,832347858,343,5,191e1,f47c8100,tk1_gpio_obj:ir,0,1
251,0,832348542,437,5,65,ffdf9100,idle_thread,0,1
252,0,832349395,641,0,40,f47c8100,tk1_gpio_obj:ir,0,1
253,0,832351487,363,5,191e1,f47c8100,tk1_gpio_obj:ir,0,1
254,0,832352191,437,5,65,ffdf9100,idle_thread,0,1
255,0,832353044,887,0,40,f47c8100,tk1_gpio_obj:ir,0,1
256,0,832355109,343,5,191e1,f47c8100,tk1_gpio_obj:ir,0,1
257,0,832355793,437,5,65,ffdf9100,idle_thread,0,1
258,0,832356646,641,0,40,f47c8100,tk1_gpio_obj:ir,0,1
259,0,832358688,363,5,191e1,f47c8100,tk1_gpio_obj:ir,0,1
260,0,832359392,437,5,65,ffdf9100,idle_thread,0,1
261,0,832360246,887,0,40,f47c8100,tk1_gpio_obj:ir,0,1
262,0,832362312,343,5,191e1,f47c8100,tk1_gpio_obj:ir,0,1
263,0,832362996,437,5,65,ffdf9100,idle_thread,0,1
264,0,832363849,885,0,99,f47c4900,time_server_obj,0,1
265,0,832365974,1044,5,63,f47c4900,time_server_obj,0,1
266,0,832368186,378,5,191e1,f47c4900,time_server_obj,0,1
267,0,832368955,783,5,65,f47c0500,planner_obj:tim,0,1
268,0,832370410,175,1,84c,f47c0500,planner_obj:tim,0,1
269,0,832370919,1247,5,43,f47c0500,planner_obj:tim,0,1
270,0,832372537,646,5,65,f47bf500,planner_obj:con,0,1
271,0,832373608,176,1,84c,f47bf500,planner_obj:con,0,1
272,0,832374084,508,5,45,ffdf9100,idle_thread,0,1
273,0,832374960,881,0,1b,ffdf9100,idle_thread,0,1
274,0,832376284,939,0,99,f47c4900,time_server_obj,0,1
275,0,832377811,1009,5,63,f47c4900,time_server_obj,0,1
276,0,832379491,946,5,63,f47c4900,time_server_obj,0,1
277,0,832381219,360,5,191e1,f47c4900,time_server_obj,0,1
278,0,832381970,779,5,65,f47c0500,planner_obj:tim,0,1
279,0,832383361,223,1,84c,f47c0500,planner_obj:tim,0,1
280,0,832383946,1065,5,43,f47c0500,planner_obj:tim,0,1
281,0,832385325,629,5,65,f47bf500,planner_obj:con,0,1
282,0,832386359,173,1,84c,f47bf500,planner_obj:con,0,1
283,0,832386832,696,5,45,f47c3500,stabiliser_obj:,0,1
284,0,832388240,174,1,84c,f47c3500,stabiliser_obj:,0,1
285,0,832388744,996,5,43,f47c3500,stabiliser_obj:,0,1
286,0,832390058,672,5,65,f47c2500,stabiliser_obj:,0,1
287,0,832391930,1329,5,41,f47b7500,flight_obj:flig,0,1
288,0,832394285,928,5,170a1,f47b7500,flight_obj:flig,0,1
289,0,832395670,567,5,841,f47c1900,sensors_obj:sen,0,1
290,0,832397789,547,5,170a1,f47c1900,sensors_obj:sen,0,1
291,0,832398675,1193,5,41,f47c9500,tk1_i2c_obj:i2c,0,1
292,0,832408068,550,5,33065,ffdf9100,idle_thread,0,1
293,0,832409059,1287,0,46,f47ca100,tk1_i2c_obj:tk1,0,1
294,0,832412381,588,5,191e1,f47ca100,tk1_i2c_obj:tk1,0,1
295,0,832413361,522,5,65,ffdf9100,idle_thread,0,1
296,0,832414281,1210,0,46,f47ca100,tk1_i2c_obj:tk1,0,1
297,0,832417171,984,5,63,f47ca100,tk1_i2c_obj:tk1,0,1
298,0,832418855,453,5,191e1,f47ca100,tk1_i2c_obj:tk1,0,1
299,0,832419694,683,5,65,f47c9500,tk1_i2c_obj:i2c,0,1
300,0,832420937,596,5,842,f47c1900,sensors_obj:sen,0,1
301,0,832422237,1563,5,83,f47c1900,sensors_obj:sen,0,1
302,0,832424071,818,5,45,f47b7500,flight_obj:flig,0,1
303,0,832427741,1412,5,41,f47be100,motors_obj:moto,0,1
304,0,832431307,685,5,170a1,f47be100,motors_obj:moto,0,1
305,0,832432356,1134,5,41,f47c9500,tk1_i2c_obj:i2c,0,1
306,0,832441616,519,5,33065,ffdf9100,idle_thread,0,1
307,0,832442669,1284,0,46,f47ca100,tk1_i2c_obj:tk1,0,1
308,0,832446014,610,5,191e1,f47ca100,tk1_i2c_obj:tk1,0,1
309,0,832447019,473,5,65,ffdf9100,idle_thread,0,1
310,0,832447860,941,0,46,f47ca100,tk1_i2c_obj:tk1,0,1
311,0,832450487,1030,5,63,f47ca100,tk1_i2c_obj:tk1,0,1
312,0,832452223,425,5,191e1,f47ca100,tk1_i2c_obj:tk1,0,1
313,0,832453033,723,5,65,f47c9500,tk1_i2c_obj:i2c,0,1
314,0,832454342,526,5,842,f47be100,motors_obj:moto,0,1
315,0,832455369,1385,5,83,f47be100,motors_obj:moto,0,1
316,0,832457026,756,5,45,f47b7500,flight_obj:flig,0,1
317,0,832458369,1154,5,83,f47b7500,flight_obj:flig,0,1
318,0,832459838,751,5,45,f47c2500,stabiliser_obj:,0,1
319,0,832461660,164,1,84c,f47c2500,stabiliser_obj:,0,1
320,0,832462127,466,5,45,ffdf9100,idle_thread,0,1
321,0,832463110,892,0,1b,ffdf9100,idle_thread,0,1
322,0,832464455,1005,0,40,f47c8100,tk1_gpio_obj:ir,0,1
323,0,832467993,374,5,191e1,f47c8100,tk1_gpio_obj:ir,0,1
324,0,832468720,545,5,65,ffdf9100,idle_thread,0,1
325,0,832469658,1209,0,40,f47c8100,tk1_gpio_obj:ir,0,1
326,0,832472046,345,5,191e1,f47c8100,tk1_gpio_obj:ir,0,1
327,0,832472732,437,5,65,ffdf9100,idle_thread,0,1
328,0,832473561,641,0,40,f47c8100,tk1_gpio_obj:ir,0,1
329,0,832475677,402,5,191e1,f47c8100,tk1_gpio_obj:ir,0,1
330,0,832476416,437,5,65,ffdf9100,idle_thread,0,1
331,0,832477245,641,0,40,f47c8100,tk1_gpio_obj:ir,0,1
332,0,832479066,343,5,191e1,f47c8100,tk1_gpio_obj:ir,0,1
333,0,832479750,437,5,65,ffdf9100,idle_thread,0,1
334,0,832480580,641,0,40,f47c8100,tk1_gpio_obj:ir,0,1
335,0,832482679,350,5,191e1,f47c8100,tk1_gpio_obj:ir,0,1
336,0,832483370,437,5,65,ffdf9100,idle_thread,0,1
337,0,832484199,641,0,40,f47c8100,tk1_gpio_obj:ir,0,1
338,0,832486020,343,5,191e1,f47c8100,tk1_gpio_obj:ir,0,1
339,0,832486704,437,5,65,ffdf9100,idle_thread,0,1
340,0,832487533,898,0,99,f47c4900,time_server_obj,0,1
341,0,832489494,1027,5,63,f47c4900,time_server_obj,0,1
342,0,832491501,339,5,191e1,f47c4900,time_server_obj,0,1
343,0,832492254,834,5,65,f47c0500,planner_obj:tim,0,1
344,0,832493996,175,1,84c,f47c0500,planner_obj:tim,0,1
345,0,832494505,1210,5,43,f47c0500,planner_obj:tim,0,1
346,0,832496032,646,5,65,f47bf500,planner_obj:con,0,1
347,0,832497300,173,1,84c,f47bf500,planner_obj:con,0,1
348,0,832497773,464,5,45,ffdf9100,idle_thread,0,1
349,0,832498752,978,0,40,f47c8100,tk1_gpio_obj:ir,0,1
350,0,832501389,394,5,191e1,f47c8100,tk1_gpio_obj:ir,0,1
351,0,832502118,417,5,65,ffdf9100,idle_thread,0,1
352,0,832502927,1209,0,40,f47c8100,tk1_gpio_obj:ir,0,1
353,0,832505312,343,5,191e1,f47c8100,tk1_gpio_obj:ir,0,1
354,0,832505996,437,5,65,ffdf9100,idle_thread,0,1
355,0,832506825,641,0,40,f47c8100,tk1_gpio_obj:ir,0,1
356,0,832509030,352,5,191e1,f47c8100,tk1_gpio_obj:ir,0,1
357,0,832509723,437,5,65,ffdf9100,idle_thread,0,1
358,0,832510555,641,0,40,f47c8100,tk1_gpio_obj:ir,0,1
359,0,832512338,343,5,191e1,f47c8100,tk1_gpio_obj:ir,0,1
360,0,832513022,437,5,65,ffdf9100,idle_thread,0,1
361,0,832513851,640,0,40,f47c8100,tk1_gpio_obj:ir,0,1
362,0,832515981,365,5,191e1,f47c8100,tk1_gpio_obj:ir,0,1
363,0,832516687,437,5,65,ffdf9100,idle_thread,0,1
364,0,832517516,641,0,40,f47c8100,tk1_gpio_obj:ir,0,1
365,0,832519296,345,5,191e1,f47c8100,tk1_gpio_obj:ir,0,1
366,0,832519988,437,5,65,ffdf9100,idle_thread,0,1
367,0,832520817,640,0,40,f47c8100,tk1_gpio_obj:ir,0,1
368,0,832522922,402,5,191e1,f47c8100,tk1_gpio_obj:ir,0,1
369,0,832523659,437,5,65,ffdf9100,idle_thread,0,1
370,0,832524488,641,0,40,f47c8100,tk1_gpio_obj:ir,0,1
371,0,832526274,345,5,191e1,f47c8100,tk1_gpio_obj:ir,0,1
372,0,832526960,437,5,65,ffdf9100,idle_thread,0,1
373,0,832527790,161,0,1b,ffdf9100,idle_thread,0,1
374,0,832528361,664,0,40,f47c8100,tk1_gpio_obj:ir,0,1
375,0,832530532,402,5,191e1,f47c8100,tk1_gpio_obj:ir,0,1
376,0,832531269,437,5,65,ffdf9100,idle_thread,0,1
377,0,832532098,641,0,40,f47c8100,tk1_gpio_obj:ir,0,1
378,0,832533877,345,5,191e1,f47c8100,tk1_gpio_obj:ir,0,1
379,0,832534563,437,5,65,ffdf9100,idle_thread,0,1
380,0,832535392,640,0,40,f47c8100,tk1_gpio_obj:ir,0,1
381,0,832537447,402,5,191e1,f47c8100,tk1_gpio_obj:ir,0,1
382,0,832538184,437,5,65,ffdf9100,idle_thread,0,1
383,0,832539013,641,0,40,f47c8100,tk1_gpio_obj:ir,0,1
384,0,832540794,345,5,191e1,f47c8100,tk1_gpio_obj:ir,0,1
385,0,832541480,437,5,65,ffdf9100,idle_thread,0,1
386,0,832542309,893,0,99,f47c4900,time_server_obj,0,1
387,0,832543633,1040,5,63,f47c4900,time_server_obj,0,1
388,0,832545203,926,5,63,f47c4900,time_server_obj,0,1
389,0,832546803,384,5,191e1,f47c4900,time_server_obj,0,1
390,0,832547578,753,5,65,f47c0500,planner_obj:tim,0,1
391,0,832548668,175,1,84c,f47c0500,planner_obj:tim,0,1
392,0,832549176,1092,5,43,f47c0500,planner_obj:tim,0,1
393,0,832550582,622,5,65,f47bf500,planner_obj:con,0,1
394,0,832551611,173,1,84c,f47bf500,planner_obj:con,0,1
395,0,832552084,696,5,45,f47c3500,stabiliser_obj:,0,1
396,0,832553293,174,1,84c,f47c3500,stabiliser_obj:,0,1
397,0,832553797,1060,5,43,f47c3500,stabiliser_obj:,0,1
398,0,832555175,656,5,65,f47c2500,stabiliser_obj:,0,1
399,0,832559103,1299,5,41,f47b7500,flight_obj:flig,0,1
400,0,832561272,914,5,170a1,f47b7500,flight_obj:flig,0,1
401,0,832562539,476,5,841,f47c1900,sensors_obj:sen,0,1
402,0,832564357,527,5,170a1,f47c1900,sensors_obj:sen,0,1
403,0,832565196,1133,5,41,f47c9500,tk1_i2c_obj:i2c,0,1
404,0,832574580,623,5,33065,ffdf9100,idle_thread,0,1
405,0,832575571,1274,0,46,f47ca100,tk1_i2c_obj:tk1,0,1
406,0,832579018,604,5,191e1,f47ca100,tk1_i2c_obj:tk1,0,1
407,0,832580010,443,5,65,ffdf9100,idle_thread,0,1
408,0,832580821,665,0,46,f47ca100,tk1_i2c_obj:tk1,0,1
409,0,832583165,1037,5,63,f47ca100,tk1_i2c_obj:tk1,0,1
410,0,832584899,456,5,191e1,f47ca100,tk1_i2c_obj:tk1,0,1
411,0,832585741,686,5,65,f47c9500,tk1_i2c_obj:i2c,0,1
412,0,832586992,597,5,842,f47c1900,sensors_obj:sen,0,1
413,0,832588274,1648,5,83,f47c1900,sensors_obj:sen,0,1
414,0,832590193,895,5,45,f47b7500,flight_obj:flig,0,1
415,0,832593966,1454,5,41,f47be100,motors_obj:moto,0,1
416,0,832597579,752,5,170a1,f47be100,motors_obj:moto,0,1
417,0,832598681,1109,5,41,f47c9500,tk1_i2c_obj:i2c,0,1
418,0,832607769,585,5,33065,ffdf9100,idle_thread,0,1
419,0,832608750,1232,0,46,f47ca100,tk1_i2c_obj:tk1,0,1
420,0,832612037,612,5,191e1,f47ca100,tk1_i2c_obj:tk1,0,1
421,0,832613054,438,5,65,ffdf9100,idle_thread,0,1
422,0,832613865,840,0,46,f47ca100,tk1_i2c_obj:tk1,0,1
423,0,832616397,1080,5,63,f47ca100,tk1_i2c_obj:tk1,0,1
424,0,832618183,432,5,191e1,f47ca100,tk1_i2c_obj:tk1,0,1
425,0,832619004,683,5,65,f47c9500,tk1_i2c_obj:i2c,0,1
426,0,832620270,504,5,842,f47be100,motors_obj:moto,0,1
427,0,832621275,1401,5,83,f47be100,motors_obj:moto,0,1
428,0,832622948,769,5,45,f47b7500,flight_obj:flig,0,1
429,0,832624458,1104,5,83,f47b7500,flight_obj:flig,0,1
430,0,832625877,752,5,45,f47c2500,stabiliser_obj:,0,1
431,0,832627530,175,1,84c,f47c2500,stabiliser_obj:,0,1
432,0,832628008,466,5,45,ffdf9100,idle_thread,0,1
433,0,832629021,870,0,1b,ffdf9100,idle_thread,0,1
434,0,832630287,984,0,99,f47c4900,time_server_obj,0,1
435,0,832632165,1014,5,63,f47c4900,time_server_obj,0,1
436,0,832634206,341,5,191e1,f47c4900,time_server_obj,0,1
437,0,832634961,866,5,65,f47c0500,planner_obj:tim,0,1
438,0,832636613,174,1,84c,f47c0500,planner_obj:tim,0,1
439,0,832637140,1172,5,43,f47c0500,planner_obj:tim,0,1
440,0,832638629,624,5,65,f47bf500,planner_obj:con,0,1
441,0,832639767,173,1,84c,f47bf500,planner_obj:con,0,1
442,0,832640240,464,5,45,ffdf9100,idle_thread,0,1
443,0,832641072,1368,0,40,f47c8100,tk1_gpio_obj:ir,0,1
444,0,832644636,453,5,191e1,f47c8100,tk1_gpio_obj:ir,0,1
445,0,832645442,471,5,65,ffdf9100,idle_thread,0,1
446,0,832646306,1209,0,40,f47c8100,tk1_gpio_obj:ir,0,1
447,0,832648696,373,5,191e1,f47c8100,tk1_gpio_obj:ir,0,1
448,0,832649410,457,5,65,ffdf9100,idle_thread,0,1
449,0,832650259,161,0,1b,ffdf9100,idle_thread,0,1
450,0,832650830,663,0,40,f47c8100,tk1_gpio_obj:ir,0,1
451,0,832653155,352,5,191e1,f47c8100,tk1_gpio_obj:ir,0,1
452,0,832653848,437,5,65,ffdf9100,idle_thread,0,1
453,0,832654678,641,0,40,f47c8100,tk1_gpio_obj:ir,0,1
454,0,832656496,375,5,191e1,f47c8100,tk1_gpio_obj:ir,0,1
455,0,832657212,437,5,65,ffdf9100,idle_thread,0,1
456,0,832658041,641,0,40,f47c8100,tk1_gpio_obj:ir,0,1
457,0,832660171,352,5,191e1,f47c8100,tk1_gpio_obj:ir,0,1
458,0,832660864,437,5,65,ffdf9100,idle_thread,0,1
459,0,832661693,641,0,40,f47c8100,tk1_gpio_obj:ir,0,1
460,0,832663511,345,5,191e1,f47c8100,tk1_gpio_obj:ir,0,1
461,0,832664197,437,5,65,ffdf9100,idle_thread,0,1
462,0,832665027,641,0,40,f47c8100,tk1_gpio_obj:ir,0,1
463,0,832667113,365,5,191e1,f47c8100,tk1_gpio_obj:ir,0,1
464,0,832667819,437,5,65,ffdf9100,idle_thread,0,1
465,0,832668648,641,0,40,f47c8100,tk1_gpio_obj:ir,0,1
466,0,832670464,345,5,191e1,f47c8100,tk1_gpio_obj:ir,0,1
467,0,832671150,437,5,65,ffdf9100,idle_thread,0,1
468,0,832671979,641,0,40,f47c8100,tk1_gpio_obj:ir,0,1
469,0,832674163,352,5,191e1,f47c8100,tk1_gpio_obj:ir,0,1
470,0,832674856,437,5,65,ffdf9100,idle_thread,0,1
471,0,832675686,641,0,40,f47c8100,tk1_gpio_obj:ir,0,1
472,0,832677502,345,5,191e1,f47c8100,tk1_gpio_obj:ir,0,1
473,0,832678188,437,5,65,ffdf9100,idle_thread,0,1
474,0,832679017,641,0,40,f47c8100,tk1_gpio_obj:ir,0,1
475,0,832681136,402,5,191e1,f47c8100,tk1_gpio_obj:ir,0,1
476,0,832681873,437,5,65,ffdf9100,idle_thread,0,1
477,0,832682705,641,0,40,f47c8100,tk1_gpio_obj:ir,0,1
478,0,832684521,345,5,191e1,f47c8100,tk1_gpio_obj:ir,0,1
479,0,832685207,437,5,65,ffdf9100,idle_thread,0,1
480,0,832686036,879,0,99,f47c4900,time_server_obj,0,1
481,0,832687346,1022,5,63,f47c4900,time_server_obj,0,1
482,0,832688872,958,5,63,f47c4900,time_server_obj,0,1
483,0,832690578,405,5,191e1,f47c4900,time_server_obj,0,1
484,0,832691375,750,5,65,f47c0500,planner_obj:tim,0,1
485,0,832692476,175,1,84c,f47c0500,planner_obj:tim,0,1
486,0,832692984,1165,5,43,f47c0500,planner_obj:tim,0,1
487,0,832694463,603,5,65,f47bf500,planner_obj:con,0,1
488,0,832695472,173,1,84c,f47bf500,planner_obj:con,0,1
489,0,832695945,696,5,45,f47c3500,stabiliser_obj:,0,1
490,0,832697199,174,1,84c,f47c3500,stabiliser_obj:,0,1
491,0,832697703,992,5,43,f47c3500,stabiliser_obj:,0,1
492,0,832699013,656,5,65,f47c2500,stabiliser_obj:,0,1
493,0,832702666,1258,5,41,f47b7500,flight_obj:flig,0,1
494,0,832704555,866,5,170a1,f47b7500,flight_obj:flig,0,1
495,0,832705772,477,5,841,f47c1900,sensors_obj:sen,0,1
496,0,832707484,491,5,170a1,f47c1900,sensors_obj:sen,0,1
497,0,832708287,1091,5,41,f47c9500,tk1_i2c_obj:i2c,0,1
498,0,832717481,648,5,33065,ffdf9100,idle_thread,0,1
499,0,832718520,1279,0,46,f47ca100,tk1_i2c_obj:tk1,0,1
500,0,832721987,581,5,191e1,f47ca100,tk1_i2c_obj:tk1,0,1
501,0,832722960,443,5,65,ffdf9100,idle_thread,0,1
502,0,832723771,836,0,46,f47ca100,tk1_i2c_obj:tk1,0,1
503,0,832726294,984,5,63,f47ca100,tk1_i2c_obj:tk1,0,1
504,0,832727978,456,5,191e1,f47ca100,tk1_i2c_obj:tk1,0,1
505,0,832728820,654,5,65,f47c9500,tk1_i2c_obj:i2c,0,1
506,0,832730065,597,5,842,f47c1900,sensors_obj:sen,0,1
507,0,832731312,1556,5,83,f47c1900,sensors_obj:sen,0,1
508,0,832733139,791,5,45,f47b7500,flight_obj:flig,0,1
509,0,832736564,1349,5,41,f47be100,motors_obj:moto,0,1
510,0,832740016,690,5,170a1,f47be100,motors_obj:moto,0,1
511,0,832741093,1100,5,41,f47c9500,tk1_i2c_obj:i2c,0,1
512,0,832750029,577,5,33065,ffdf9100,idle_thread,0,1
513,0,832751048,1356,0,40,f47c8100,tk1_gpio_obj:ir,0,1
514,0,832754597,532,5,191e1,f47c8100,tk1_gpio_obj:ir,0,1
515,0,832755481,454,5,65,ffdf9100,idle_thread,0,1
516,0,832756327,1215,0,40,f47c8100,tk1_gpio_obj:ir,0,1
517,0,832758723,343,5,191e1,f47c8100,tk1_gpio_obj:ir,0,1
518,0,832759407,437,5,65,ffdf9100,idle_thread,0,1
519,0,832760236,864,0,46,f47ca100,tk1_i2c_obj:tk1,0,1
520,0,832763297,424,5,191e1,f47ca100,tk1_i2c_obj:tk1,0,1
521,0,832764129,464,5,65,ffdf9100,idle_thread,0,1
522,0,832765116,1225,0,46,f47ca100,tk1_i2c_obj:tk1,0,1
523,0,832768026,1047,5,63,f47ca100,tk1_i2c_obj:tk1,0,1
524,0,832769770,428,5,191e1,f47ca100,tk1_i2c_obj:tk1,0,1
525,0,832770584,686,5,65,f47c9500,tk1_i2c_obj:i2c,0,1
526,0,832771835,527,5,842,f47be100,motors_obj:moto,0,1
527,0,832772883,1479,5,83,f47be100,motors_obj:moto,0,1
528,0,832774633,775,5,45,f47b7500,flight_obj:flig,0,1
529,0,832776013,1128,5,83,f47b7500,flight_obj:flig,0,1
530,0,832777456,680,5,45,f47c2500,stabiliser_obj:,0,1
531,0,832779122,217,1,84c,f47c2500,stabiliser_obj:,0,1
532,0,832779642,466,5,45,ffdf9100,idle_thread,0,1
533,0,832780629,1346,0,40,f47c8100,tk1_gpio_obj:ir,0,1
534,0,832783740,372,5,191e1,f47c8100,tk1_gpio_obj:ir,0,1
535,0,832784451,436,5,65,ffdf9100,idle_thread,0,1
536,0,832785279,1215,0,40,f47c8100,tk1_gpio_obj:ir,0,1
537,0,832787671,343,5,191e1,f47c8100,tk1_gpio_obj:ir,0,1
538,0,832788355,437,5,65,ffdf9100,idle_thread,0,1
539,0,832789184,641,0,40,f47c8100,tk1_gpio_obj:ir,0,1
540,0,832791370,365,5,191e1,f47c8100,tk1_gpio_obj:ir,0,1
541,0,832792076,437,5,65,ffdf9100,idle_thread,0,1
542,0,832792906,641,0,40,f47c8100,tk1_gpio_obj:ir,0,1
543,0,832794726,343,5,191e1,f47c8100,tk1_gpio_obj:ir,0,1
544,0,832795410,437,5,65,ffdf9100,idle_thread,0,1
545,0,832796239,161,0,1b,ffdf9100,idle_thread,0,1
546,0,832796810,911,0,99,f47c4900,time_server_obj,0,1
547,0,832798841,881,5,63,f47c4900,time_server_obj,0,1
548,0,832800797,339,5,191e1,f47c4900,time_server_obj,0,1
549,0,832801550,756,5,65,f47c0500,planner_obj:tim,0,1
550,0,832802911,175,1,84c,f47c0500,planner_obj:tim,0,1
551,0,832803420,1130,5,43,f47c0500,planner_obj:tim,0,1
552,0,832804867,636,5,65,f47bf500,planner_obj:con,0,1
553,0,832806021,176,1,84c,f47bf500,planner_obj:con,0,1
554,0,832806497,448,5,45,ffdf9100,idle_thread,0,1
555,0,832807462,873,0,1b,ffdf9100,idle_thread,0,1
556,0,832808702,939,0,99,f47c4900,time_server_obj,0,1
557,0,832810317,1003,5,63,f47c4900,time_server_obj,0,1
558,0,832811746,976,5,63,f47c4900,time_server_obj,0,1
559,0,832813426,381,5,191e1,f47c4900,time_server_obj,0,1
560,0,832814201,739,5,65,f47c0500,planner_obj:tim,0,1
561,0,832815281,174,1,84c,f47c0500,planner_obj:tim,0,1
562,0,832815788,1066,5,43,f47c0500,planner_obj:tim,0,1
563,0,832817162,1147,0,40,f47c0500,planner_obj:tim,0,1
564,0,832818626,620,5,65,f47bf500,planner_obj:con,0,1
565,0,832819645,173,1,84c,f47bf500,planner_obj:con,0,1
566,0,832820118,723,5,45,f47c8100,tk1_gpio_obj:ir,0,1
567,0,832822467,394,5,191e1,f47c8100,tk1_gpio_obj:ir,0,1
568,0,832823198,698,5,65,f47c3500,stabiliser_obj:,0,1
569,0,832824486,172,1,84c,f47c3500,stabiliser_obj:,0,1
570,0,832824988,1061,5,43,f47c3500,stabiliser_obj:,0,1
571,0,832826367,656,5,65,f47c2500,stabiliser_obj:,0,1
572,0,832829889,1224,5,41,f47b7500,flight_obj:flig,0,1
573,0,832831750,889,5,170a1,f47b7500,flight_obj:flig,0,1
574,0,832832990,494,5,841,f47c1900,sensors_obj:sen,0,1
575,0,832834620,1491,5,42,f47b7500,flight_obj:flig,0,1
576,0,832838441,1347,5,41,f47be100,motors_obj:moto,0,1
577,0,832841680,549,5,170a1,f47be100,motors_obj:moto,0,1
578,0,832842616,1140,5,41,f47c9500,tk1_i2c_obj:i2c,0,1
579,0,832852018,577,5,33065,ffdf9100,idle_thread,0,1
580,0,832852986,1350,0,40,f47c8100,tk1_gpio_obj:ir,0,1
581,0,832856234,573,5,191e1,f47c8100,tk1_gpio_obj:ir,0,1
582,0,832857158,467,5,65,ffdf9100,idle_thread,0,1
583,0,832858017,1209,0,40,f47c8100,tk1_gpio_obj:ir,0,1
584,0,832860840,420,5,191e1,f47c8100,tk1_gpio_obj:ir,0,1
585,0,832861600,457,5,65,ffdf9100,idle_thread,0,1
586,0,832862551,877,0,46,f47ca100,tk1_i2c_obj:tk1,0,1
587,0,832865553,446,5,191e1,f47ca100,tk1_i2c_obj:tk1,0,1
588,0,832866407,462,5,65,ffdf9100,idle_thread,0,1
589,0,832867414,1214,0,46,f47ca100,tk1_i2c_obj:tk1,0,1
590,0,832870315,1071,5,63,f47ca100,tk1_i2c_obj:tk1,0,1
591,0,832872086,400,5,191e1,f47ca100,tk1_i2c_obj:tk1,0,1
592,0,832872872,727,5,65,f47c9500,tk1_i2c_obj:i2c,0,1
593,0,832874166,572,5,842,f47be100,motors_obj:moto,0,1
594,0,832875302,1494,5,83,f47be100,motors_obj:moto,0,1
595,0,832877068,809,5,45,f47b7500,flight_obj:flig,0,1
596,0,832878788,1062,5,83,f47b7500,flight_obj:flig,0,1
597,0,832880142,703,5,45,f47c2500,stabiliser_obj:,0,1
598,0,832881759,204,1,84c,f47c2500,stabiliser_obj:,0,1
599,0,832882262,492,5,45,ffdf9100,idle_thread,0,1
600,0,832883259,1375,0,40,f47c8100,tk1_gpio_obj:ir,0,1
601,0,832886200,444,5,191e1,f47c8100,tk1_gpio_obj:ir,0,1
602,0,832886994,416,5,65,ffdf9100,idle_thread,0,1
603,0,832887802,1209,0,40,f47c8100,tk1_gpio_obj:ir,0,1
604,0,832890557,352,5,191e1,f47c8100,tk1_gpio_obj:ir,0,1
605,0,832891250,450,5,65,ffdf9100,idle_thread,0,1
606,0,832892093,641,0,40,f47c8100,tk1_gpio_obj:ir,0,1
607,0,832893913,343,5,191e1,f47c8100,tk1_gpio_obj:ir,0,1
608,0,832894597,437,5,65,ffdf9100,idle_thread,0,1
609,0,832895426,161,0,1b,ffdf9100,idle_thread,0,1
610,0,832895997,663,0,40,f47c8100,tk1_gpio_obj:ir,0,1
611,0,832898221,389,5,191e1,f47c8100,tk1_gpio_obj:ir,0,1
612,0,832898947,437,5,65,ffdf9100,idle_thread,0,1
613,0,832899777,641,0,40,f47c8100,tk1_gpio_obj:ir,0,1
614,0,832901599,343,5,191e1,f47c8100,tk1_gpio_obj:ir,0,1
615,0,832902283,437,5,65,ffdf9100,idle_thread,0,1
616,0,832903112,641,0,40,f47c8100,tk1_gpio_obj:ir,0,1
617,0,832905276,350,5,191e1,f47c8100,tk1_gpio_obj:ir,0,1
618,0,832905967,437,5,65,ffdf9100,idle_thread,0,1
619,0,832906796,641,0,40,f47c8100,tk1_gpio_obj:ir,0,1
620,0,832908615,343,5,191e1,f47c8100,tk1_gpio_obj:ir,0,1
621,0,832909299,437,5,65,ffdf9100,idle_thread,0,1
622,0,832910129,641,0,40,f47c8100,tk1_gpio_obj:ir,0,1
623,0,832912282,350,5,191e1,f47c8100,tk1_gpio_obj:ir,0,1
624,0,832912973,437,5,65,ffdf9100,idle_thread,0,1
625,0,832913802,641,0,40,f47c8100,tk1_gpio_obj:ir,0,1
626,0,832915621,343,5,191e1,f47c8100,tk1_gpio_obj:ir,0,1
627,0,832916305,437,5,65,ffdf9100,idle_thread,0,1
628,0,832917134,641,0,40,f47c8100,tk1_gpio_obj:ir,0,1
629,0,832919194,363,5,191e1,f47c8100,tk1_gpio_obj:ir,0,1
630,0,832919898,437,5,65,ffdf9100,idle_thread,0,1
631,0,832920728,641,0,40,f47c8100,tk1_gpio_obj:ir,0,1
632,0,832922546,343,5,191e1,f47c8100,tk1_gpio_obj:ir,0,1
633,0,832923230,437,5,65,ffdf9100,idle_thread,0,1
634,0,832924059,641,0,40,f47c8100,tk1_gpio_obj:ir,0,1
635,0,832926154,363,5,191e1,f47c8100,tk1_gpio_obj:ir,0,1
636,0,832926858,437,5,65,ffdf9100,idle_thread,0,1
637,0,832927690,641,0,40,f47c8100,tk1_gpio_obj:ir,0,1
638,0,832929509,343,5,191e1,f47c8100,tk1_gpio_obj:ir,0,1
639,0,832930193,437,5,65,ffdf9100,idle_thread,0,1
640,0,832931022,887,0,99,f47c4900,time_server_obj,0,1
641,0,832933006,910,5,63,f47c4900,time_server_obj,0,1
642,0,832934491,881,5,63,f47c4900,time_server_obj,0,1
643,0,832936287,348,5,191e1,f47c4900,time_server_obj,0,1
644,0,832937026,756,5,65,f47c0500,planner_obj:tim,0,1
645,0,832938562,175,1,84c,f47c0500,planner_obj:tim,0,1
646,0,832939071,1175,5,43,f47c0500,planner_obj:tim,0,1
647,0,832940563,641,5,65,f47bf500,planner_obj:con,0,1
648,0,832941722,160,1,84c,f47bf500,planner_obj:con,0,1
649,0,832942181,687,5,45,f47b5900,benchmark_obj:t,0,1
650,0,832944294,188,1,84c,f47b5900,benchmark_obj:t,0,1
651,0,832944859,1096,5,43,f47b5900,benchmark_obj:t,0,1
652,0,832946291,750,5,65,f47b4d00,benchmark_obj:c,0,1
653,0,832947734,160,1,84c,f47b4d00,benchmark_obj:c,0,1
654,0,832948212,485,5,45,ffdf9100,idle_thread,0,1
655,0,832949241,1344,0,40,f47c8100,tk1_gpio_obj:ir,0,1
656,0,832952338,417,5,191e1,f47c8100,tk1_gpio_obj:ir,0,1
657,0,832953092,472,5,65,ffdf9100,idle_thread,0,1
658,0,832953956,1209,0,40,f47c8100,tk1_gpio_obj:ir,0,1
659,0,832956380,345,5,191e1,f47c8100,tk1_gpio_obj:ir,0,1
660,0,832957066,437,5,65,ffdf9100,idle_thread,0,1
661,0,832957896,161,0,1b,ffdf9100,idle_thread,0,1
662,0,832958467,913,0,99,f47c4900,time_server_obj,0,1
663,0,832959969,986,5,63,f47c4900,time_server_obj,0,1
664,0,832961460,899,5,63,f47c4900,time_server_obj,0,1
665,0,832963088,362,5,191e1,f47c4900,time_server_obj,0,1
666,0,832963842,731,5,65,f47c0500,planner_obj:tim,0,1
667,0,832964928,172,1,84c,f47c0500,planner_obj:tim,0,1
668,0,832965433,1068,5,43,f47c0500,planner_obj:tim,0,1
669,0,832966815,628,5,65,f47bf500,planner_obj:con,0,1
670,0,832967860,160,1,84c,f47bf500,planner_obj:con,0,1
671,0,832968319,696,5,45,f47c3500,stabiliser_obj:,0,1
672,0,832970024,174,1,84c,f47c3500,stabiliser_obj:,0,1
673,0,832970528,999,5,43,f47c3500,stabiliser_obj:,0,1
674,0,832971845,656,5,65,f47c2500,stabiliser_obj:,0,1
675,0,832975230,1207,5,41,f47b7500,flight_obj:flig,0,1
676,0,832977592,865,5,170a1,f47b7500,flight_obj:flig,0,1
677,0,832978808,522,5,841,f47c1900,sensors_obj:sen,0,1
678,0,832980876,496,5,170a1,f47c1900,sensors_obj:sen,0,1
679,0,832981684,1135,5,41,f47c9500,tk1_i2c_obj:i2c,0,1
680,0,832990982,639,5,33065,ffdf9100,idle_thread,0,1
681,0,832991989,1274,0,46,f47ca100,tk1_i2c_obj:tk1,0,1
682,0,832995456,576,5,191e1,f47ca100,tk1_i2c_obj:tk1,0,1
683,0,832996422,443,5,65,ffdf9100,idle_thread,0,1
684,0,832997233,828,0,46,f47ca100,tk1_i2c_obj:tk1,0,1
685,0,832999745,1108,5,63,f47ca100,tk1_i2c_obj:tk1,0,1
686,0,833001554,451,5,191e1,f47ca100,tk1_i2c_obj:tk1,0,1
687,0,833002393,686,5,65,f47c9500,tk1_i2c_obj:i2c,0,1
688,0,833003665,597,5,842,f47c1900,sensors_obj:sen,0,1
689,0,833004964,1563,5,83,f47c1900,sensors_obj:sen,0,1
690,0,833006798,769,5,45,f47b7500,flight_obj:flig,0,1
691,0,833010180,1452,5,41,f47be100,motors_obj:moto,0,1
692,0,833013837,740,5,170a1,f47be100,motors_obj:moto,0,1
693,0,833014941,1083,5,41,f47c9500,tk1_i2c_obj:i2c,0,1
694,0,833023970,613,5,33065,ffdf9100,idle_thread,0,1
695,0,833024968,1273,0,46,f47ca100,tk1_i2c_obj:tk1,0,1
696,0,833028381,564,5,191e1,f47ca100,tk1_i2c_obj:tk1,0,1
697,0,833029353,418,5,65,ffdf9100,idle_thread,0,1
698,0,833030144,841,0,46,f47ca100,tk1_i2c_obj:tk1,0,1
699,0,833032679,1011,5,63,f47ca100,tk1_i2c_obj:tk1,0,1
700,0,833034393,421,5,191e1,f47ca100,tk1_i2c_obj:tk1,0,1
701,0,833035206,686,5,65,f47c9500,tk1_i2c_obj:i2c,0,1
702,0,833036478,526,5,842,f47be100,motors_obj:moto,0,1
703,0,833037505,1418,5,83,f47be100,motors_obj:moto,0,1
704,0,833039195,770,5,45,f47b7500,flight_obj:flig,0,1
705,0,833040730,1155,5,83,f47b7500,flight_obj:flig,0,1
706,0,833042200,709,5,45,f47c2500,stabiliser_obj:,0,1
707,0,833043925,175,1,84c,f47c2500,stabiliser_obj:,0,1
708,0,833044403,466,5,45,ffdf9100,idle_thread,0,1
709,0,833045387,870,0,1b,ffdf9100,idle_thread,0,1
710,0,833046653,997,0,40,f47c8100,tk1_gpio_obj:ir,0,1
711,0,833049782,413,5,191e1,f47c8100,tk1_gpio_obj:ir,0,1
712,0,833050545,493,5,65,ffdf9100,idle_thread,0,1
713,0,833051430,1215,0,40,f47c8100,tk1_gpio_obj:ir,0,1
714,0,833053823,343,5,191e1,f47c8100,tk1_gpio_obj:ir,0,1
715,0,833054507,437,5,65,ffdf9100,idle_thread,0,1
716,0,833055336,642,0,40,f47c8100,tk1_gpio_obj:ir,0,1
717,0,833057454,352,5,191e1,f47c8100,tk1_gpio_obj:ir,0,1
718,0,833058147,437,5,65,ffdf9100,idle_thread,0,1
719,0,833058976,641,0,40,f47c8100,tk1_gpio_obj:ir,0,1
720,0,833060797,343,5,191e1,f47c8100,tk1_gpio_obj:ir,0,1
721,0,833061481,437,5,65,ffdf9100,idle_thread,0,1
722,0,833062310,879,0,99,f47c4900,time_server_obj,0,1
723,0,833064164,973,5,63,f47c4900,time_server_obj,0,1
724,0,833066060,340,5,191e1,f47c4900,time_server_obj,0,1
725,0,833066816,756,5,65,f47c0500,planner_obj:tim,0,1
726,0,833068455,172,1,84c,f47c0500,planner_obj:tim,0,1
727,0,833068961,1195,5,43,f47c0500,planner_obj:tim,0,1
728,0,833070473,636,5,65,f47bf500,planner_obj:con,0,1
729,0,833071623,173,1,84c,f47bf500,planner_obj:con,0,1
730,0,833072096,464,5,45,ffdf9100,idle_thread,0,1
731,0,833073077,985,0,40,f47c8100,tk1_gpio_obj:ir,0,1
732,0,833076231,426,5,191e1,f47c8100,tk1_gpio_obj:ir,0,1
733,0,833076994,435,5,65,ffdf9100,idle_thread,0,1
734,0,833077822,1209,0,40,f47c8100,tk1_gpio_obj:ir,0,1
735,0,833080210,345,5,191e1,f47c8100,tk1_gpio_obj:ir,0,1
736,0,833080896,457,5,65,ffdf9100,idle_thread,0,1
737,0,833081745,641,0,40,f47c8100,tk1_gpio_obj:ir,0,1
738,0,833083858,352,5,191e1,f47c8100,tk1_gpio_obj:ir,0,1
739,0,833084551,437,5,65,ffdf9100,idle_thread,0,1
740,0,833085380,641,0,40,f47c8100,tk1_gpio_obj:ir,0,1
741,0,833087201,345,5,191e1,f47c8100,tk1_gpio_obj:ir,0,1
742,0,833087888,437,5,65,ffdf9100,idle_thread,0,1
743,0,833088717,641,0,40,f47c8100,tk1_gpio_obj:ir,0,1
744,0,833090925,365,5,191e1,f47c8100,tk1_gpio_obj:ir,0,1
745,0,833091631,437,5,65,ffdf9100,idle_thread,0,1
746,0,833092460,641,0,40,f47c8100,tk1_gpio_obj:ir,0,1
747,0,833094277,345,5,191e1,f47c8100,tk1_gpio_obj:ir,0,1
748,0,833094963,437,5,65,ffdf9100,idle_thread,0,1
749,0,833095793,641,0,40,f47c8100,tk1_gpio_obj:ir,0,1
750,0,833097902,402,5,191e1,f47c8100,tk1_gpio_obj:ir,0,1
751,0,833098640,437,5,65,ffdf9100,idle_thread,0,1
752,0,833099469,641,0,40,f47c8100,tk1_gpio_obj:ir,0,1
753,0,833101288,345,5,191e1,f47c8100,tk1_gpio_obj:ir,0,1
754,0,833101974,437,5,65,ffdf9100,idle_thread,0,1
755,0,833102803,162,0,1b,ffdf9100,idle_thread,0,1
756,0,833103374,663,0,40,f47c8100,tk1_gpio_obj:ir,0,1
757,0,833105520,402,5,191e1,f47c8100,tk1_gpio_obj:ir,0,1
758,0,833106257,437,5,65,ffdf9100,idle_thread,0,1
759,0,833107087,641,0,40,f47c8100,tk1_gpio_obj:ir,0,1
760,0,833108905,345,5,191e1,f47c8100,tk1_gpio_obj:ir,0,1
761,0,833109591,437,5,65,ffdf9100,idle_thread,0,1
762,0,833110420,641,0,40,f47c8100,tk1_gpio_obj:ir,0,1
763,0,833112511,402,5,191e1,f47c8100,tk1_gpio_obj:ir,0,1
764,0,833113248,437,5,65,ffdf9100,idle_thread,0,1
765,0,833114080,641,0,40,f47c8100,tk1_gpio_obj:ir,0,1
766,0,833115902,345,5,191e1,f47c8100,tk1_gpio_obj:ir,0,1
767,0,833116588,437,5,65,ffdf9100,idle_thread,0,1
768,0,833117417,641,0,40,f47c8100,tk1_gpio_obj:ir,0,1
769,0,833119475,402,5,191e1,f47c8100,tk1_gpio_obj:ir,0,1
770,0,833120212,437,5,65,ffdf9100,idle_thread,0,1
771,0,833121041,641,0,40,f47c8100,tk1_gpio_obj:ir,0,1
772,0,833122861,345,5,191e1,f47c8100,tk1_gpio_obj:ir,0,1
773,0,833123547,437,5,65,ffdf9100,idle_thread,0,1
774,0,833124379,885,0,99,f47c4900,time_server_obj,0,1
775,0,833125700,993,5,63,f47c4900,time_server_obj,0,1
776,0,833127140,883,5,63,f47c4900,time_server_obj,0,1
777,0,833128628,347,5,191e1,f47c4900,time_server_obj,0,1
778,0,833129370,753,5,65,f47c0500,planner_obj:tim,0,1
779,0,833130460,175,1,84c,f47c0500,planner_obj:tim,0,1
780,0,833130968,1079,5,43,f47c0500,planner_obj:tim,0,1
781,0,833132361,622,5,65,f47bf500,planner_obj:con,0,1
782,0,833133390,173,1,84c,f47bf500,planner_obj:con,0,1
783,0,833133863,712,5,45,f47c3500,stabiliser_obj:,0,1
784,0,833135292,174,1,84c,f47c3500,stabiliser_obj:,0,1
785,0,833135796,1075,5,43,f47c3500,stabiliser_obj:,0,1
786,0,833137189,641,5,65,f47c2500,stabiliser_obj:,0,1
787,0,833140682,1302,5,41,f47b7500,flight_obj:flig,0,1
788,0,833142865,889,5,170a1,f47b7500,flight_obj:flig,0,1
789,0,833144107,515,5,841,f47c1900,sensors_obj:sen,0,1
790,0,833145933,1552,5,42,f47b7500,flight_obj:flig,0,1
791,0,833149774,1260,5,41,f47be100,motors_obj:moto,0,1
792,0,833153137,630,5,170a1,f47be100,motors_obj:moto,0,1
793,0,833154117,1140,5,41,f47c9500,tk1_i2c_obj:i2c,0,1
794,0,833163501,553,5,33065,ffdf9100,idle_thread,0,1
795,0,833164439,1303,0,46,f47ca100,tk1_i2c_obj:tk1,0,1
796,0,833167948,547,5,191e1,f47ca100,tk1_i2c_obj:tk1,0,1
797,0,833168888,421,5,65,ffdf9100,idle_thread,0,1
798,0,833169677,836,0,46,f47ca100,tk1_i2c_obj:tk1,0,1
799,0,833172208,1085,5,63,f47ca100,tk1_i2c_obj:tk1,0,1
800,0,833173999,426,5,191e1,f47ca100,tk1_i2c_obj:tk1,0,1
801,0,833174814,691,5,65,f47c9500,tk1_i2c_obj:i2c,0,1
802,0,833176101,609,5,842,f47be100,motors_obj:moto,0,1
803,0,833177260,1443,5,83,f47be100,motors_obj:moto,0,1
804,0,833178975,703,5,45,f47b7500,flight_obj:flig,0,1
805,0,833180500,1089,5,83,f47b7500,flight_obj:flig,0,1
806,0,833181904,680,5,45,f47c2500,stabiliser_obj:,0,1
807,0,833183486,245,1,84c,f47c2500,stabiliser_obj:,0,1
808,0,833184030,466,5,45,ffdf9100,idle_thread,0,1
809,0,833185013,867,0,1b,ffdf9100,idle_thread,0,1
810,0,833186280,984,0,99,f47c4900,time_server_obj,0,1
811,0,833188347,920,5,63,f47c4900,time_server_obj,0,1
812,0,833190260,378,5,191e1,f47c4900,time_server_obj,0,1
813,0,833191032,901,5,65,f47c0500,planner_obj:tim,0,1
814,0,833192716,174,1,84c,f47c0500,planner_obj:tim,0,1
815,0,833193224,1149,5,43,f47c0500,planner_obj:tim,0,1
816,0,833194690,665,5,65,f47bf500,planner_obj:con,0,1
817,0,833195869,173,1,84c,f47bf500,planner_obj:con,0,1
818,0,833196342,464,5,45,ffdf9100,idle_thread,0,1
819,0,833197174,873,0,1b,ffdf9100,idle_thread,0,1
820,0,833198414,978,0,40,f47c8100,tk1_gpio_obj:ir,0,1
821,0,833201960,397,5,191e1,f47c8100,tk1_gpio_obj:ir,0,1
822,0,833202710,471,5,65,ffdf9100,idle_thread,0,1
823,0,833203574,1215,0,40,f47c8100,tk1_gpio_obj:ir,0,1
824,0,833206000,343,5,191e1,f47c8100,tk1_gpio_obj:ir,0,1
825,0,833206684,457,5,65,ffdf9100,idle_thread,0,1
826,0,833207533,641,0,40,f47c8100,tk1_gpio_obj:ir,0,1
827,0,833209573,365,5,191e1,f47c8100,tk1_gpio_obj:ir,0,1
828,0,833210279,437,5,65,ffdf9100,idle_thread,0,1
829,0,833211111,641,0,40,f47c8100,tk1_gpio_obj:ir,0,1
830,0,833212931,343,5,191e1,f47c8100,tk1_gpio_obj:ir,0,1
831,0,833213615,437,5,65,ffdf9100,idle_thread,0,1
832,0,833214444,641,0,40,f47c8100,tk1_gpio_obj:ir,0,1
833,0,833216514,352,5,191e1,f47c8100,tk1_gpio_obj:ir,0,1
834,0,833217207,437,5,65,ffdf9100,idle_thread,0,1
835,0,833218036,641,0,40,f47c8100,tk1_gpio_obj:ir,0,1
836,0,833219852,343,5,191e1,f47c8100,tk1_gpio_obj:ir,0,1
837,0,833220536,437,5,65,ffdf9100,idle_thread,0,1
838,0,833221368,641,0,40,f47c8100,tk1_gpio_obj:ir,0,1
839,0,833223355,365,5,191e1,f47c8100,tk1_gpio_obj:ir,0,1
840,0,833224061,437,5,65,ffdf9100,idle_thread,0,1
841,0,833224890,641,0,40,f47c8100,tk1_gpio_obj:ir,0,1
842,0,833226709,343,5,191e1,f47c8100,tk1_gpio_obj:ir,0,1
843,0,833227393,437,5,65,ffdf9100,idle_thread,0,1
844,0,833228222,641,0,40,f47c8100,tk1_gpio_obj:ir,0,1
845,0,833230242,350,5,191e1,f47c8100,tk1_gpio_obj:ir,0,1
846,0,833230933,437,5,65,ffdf9100,idle_thread,0,1
847,0,833231762,641,0,40,f47c8100,tk1_gpio_obj:ir,0,1
848,0,833233578,343,5,191e1,f47c8100,tk1_gpio_obj:ir,0,1
849,0,833234262,437,5,65,ffdf9100,idle_thread,0,1
850,0,833235091,883,0,99,f47c4900,time_server_obj,0,1
851,0,833236453,1008,5,63,f47c4900,time_server_obj,0,1
852,0,833237862,831,5,63,f47c4900,time_server_obj,0,1
853,0,833239298,349,5,191e1,f47c4900,time_server_obj,0,1
854,0,833240042,734,5,65,f47c0500,planner_obj:tim,0,1
855,0,833241119,198,1,84c,f47c0500,planner_obj:tim,0,1
856,0,833241650,1056,5,43,f47c0500,planner_obj:tim,0,1
857,0,833243020,622,5,65,f47bf500,planner_obj:con,0,1
858,0,833244049,173,1,84c,f47bf500,planner_obj:con,0,1
859,0,833244522,712,5,45,f47c3500,stabiliser_obj:,0,1
860,0,833245909,174,1,84c,f47c3500,stabiliser_obj:,0,1
861,0,833246398,999,5,43,f47c3500,stabiliser_obj:,0,1
862,0,833247715,656,5,65,f47c2500,stabiliser_obj:,0,1
863,0,833251189,1257,5,41,f47b7500,flight_obj:flig,0,1
864,0,833253351,918,5,170a1,f47b7500,flight_obj:flig,0,1
865,0,833254622,494,5,841,f47c1900,sensors_obj:sen,0,1
866,0,833256390,559,5,170a1,f47c1900,sensors_obj:sen,0,1
867,0,833257261,1231,5,41,f47c9500,tk1_i2c_obj:i2c,0,1
868,0,833266618,627,5,33065,ffdf9100,idle_thread,0,1
869,0,833267636,1281,0,46,f47ca100,tk1_i2c_obj:tk1,0,1
870,0,833271101,596,5,191e1,f47ca100,tk1_i2c_obj:tk1,0,1
871,0,833272089,442,5,65,ffdf9100,idle_thread,0,1
872,0,833272904,675,0,46,f47ca100,tk1_i2c_obj:tk1,0,1
873,0,833275260,1016,5,63,f47ca100,tk1_i2c_obj:tk1,0,1
874,0,833276976,392,5,191e1,f47ca100,tk1_i2c_obj:tk1,0,1
875,0,833277754,634,5,65,f47c9500,tk1_i2c_obj:i2c,0,1
876,0,833285485,467,5,33065,ffdf9100,idle_thread,0,1
877,0,833286322,943,0,40,f47c8100,tk1_gpio_obj:ir,0,1
878,0,833289660,488,5,191e1,f47c8100,tk1_gpio_obj:ir,0,1
879,0,833290499,471,5,65,ffdf9100,idle_thread,0,1
880,0,833291362,1209,0,40,f47c8100,tk1_gpio_obj:ir,0,1
881,0,833293748,343,5,191e1,f47c8100,tk1_gpio_obj:ir,0,1
882,0,833294432,437,5,65,ffdf9100,idle_thread,0,1
883,0,833295261,641,0,40,f47c8100,tk1_gpio_obj:ir,0,1
884,0,833297290,352,5,191e1,f47c8100,tk1_gpio_obj:ir,0,1
885,0,833297983,437,5,65,ffdf9100,idle_thread,0,1
886,0,833298813,857,0,46,f47ca100,tk1_i2c_obj:tk1,0,1
887,0,833302907,1084,5,63,f47ca100,tk1_i2c_obj:tk1,0,1
888,0,833304694,468,5,191e1,f47ca100,tk1_i2c_obj:tk1,0,1
889,0,833305548,743,5,65,f47c9500,tk1_i2c_obj:i2c,0,1
890,0,833306888,573,5,842,f47c1900,sensors_obj:sen,0,1
891,0,833309763,1697,5,83,f47c1900,sensors_obj:sen,0,1
892,0,833311731,827,5,45,f47b7500,flight_obj:flig,0,1
893,0,833315491,1480,5,41,f47be100,motors_obj:moto,0,1
894,0,833319156,874,5,170a1,f47be100,motors_obj:moto,0,1
895,0,833320417,1067,5,41,f47c9500,tk1_i2c_obj:i2c,0,1
896,0,833329536,604,5,33065,ffdf9100,idle_thread,0,1
897,0,833330551,966,0,40,f47c8100,tk1_gpio_obj:ir,0,1
898,0,833333002,529,5,191e1,f47c8100,tk1_gpio_obj:ir,0,1
899,0,833333881,446,5,65,ffdf9100,idle_thread,0,1
900,0,833334743,1209,0,40,f47c8100,tk1_gpio_obj:ir,0,1
901,0,833337462,355,5,191e1,f47c8100,tk1_gpio_obj:ir,0,1
902,0,833338158,437,5,65,ffdf9100,idle_thread,0,1
903,0,833339011,865,0,46,f47ca100,tk1_i2c_obj:tk1,0,1
904,0,833342071,424,5,191e1,f47ca100,tk1_i2c_obj:tk1,0,1
905,0,833342887,465,5,65,ffdf9100,idle_thread,0,1
906,0,833343875,1231,0,46,f47ca100,tk1_i2c_obj:tk1,0,1
907,0,833346788,968,5,63,f47ca100,tk1_i2c_obj:tk1,0,1
908,0,833348453,491,5,191e1,f47ca100,tk1_i2c_obj:tk1,0,1
909,0,833349330,686,5,65,f47c9500,tk1_i2c_obj:i2c,0,1
910,0,833350584,576,5,842,f47be100,motors_obj:moto,0,1
911,0,833351671,1416,5,83,f47be100,motors_obj:moto,0,1
912,0,833353359,731,5,45,f47b7500,flight_obj:flig,0,1
913,0,833354699,1089,5,83,f47b7500,flight_obj:flig,0,1
914,0,833356103,703,5,45,f47c2500,stabiliser_obj:,0,1
915,0,833357874,284,1,84c,f47c2500,stabiliser_obj:,0,1
916,0,833358461,466,5,45,ffdf9100,idle_thread,0,1
917,0,833359449,1346,0,40,f47c8100,tk1_gpio_obj:ir,0,1
918,0,833362449,443,5,191e1,f47c8100,tk1_gpio_obj:ir,0,1
919,0,833363228,424,5,65,ffdf9100,idle_thread,0,1
920,0,833364068,171,0,1b,ffdf9100,idle_thread,0,1
921,0,833364628,745,0,40,f47c8100,tk1_gpio_obj:ir,0,1
922,0,833366804,352,5,191e1,f47c8100,tk1_gpio_obj:ir,0,1
923,0,833367497,437,5,65,ffdf9100,idle_thread,0,1
924,0,833368350,641,0,40,f47c8100,tk1_gpio_obj:ir,0,1
925,0,833370172,343,5,191e1,f47c8100,tk1_gpio_obj:ir,0,1
926,0,833370856,437,5,65,ffdf9100,idle_thread,0,1
927,0,833371709,890,0,99,f47c4900,time_server_obj,0,1
928,0,833373670,912,5,63,f47c4900,time_server_obj,0,1
929,0,833375575,367,5,191e1,f47c4900,time_server_obj,0,1
930,0,833376361,756,5,65,f47c0500,planner_obj:tim,0,1
931,0,833378193,175,1,84c,f47c0500,planner_obj:tim,0,1
932,0,833378702,1166,5,43,f47c0500,planner_obj:tim,0,1
933,0,833380185,636,5,65,f47bf500,planner_obj:con,0,1
934,0,833381440,173,1,84c,f47bf500,planner_obj:con,0,1
935,0,833381913,448,5,45,ffdf9100,idle_thread,0,1
936,0,833382865,873,0,1b,ffdf9100,idle_thread,0,1
937,0,833384105,939,0,99,f47c4900,time_server_obj,0,1
938,0,833385499,1004,5,63,f47c4900,time_server_obj,0,1
939,0,833386929,893,5,63,f47c4900,time_server_obj,0,1
940,0,833388453,361,5,191e1,f47c4900,time_server_obj,0,1
941,0,833389205,700,5,65,f47c0500,planner_obj:tim,0,1
942,0,833390213,174,1,84c,f47c0500,planner_obj:tim,0,1
943,0,833390720,1075,5,43,f47c0500,planner_obj:tim,0,1
944,0,833392109,609,5,65,f47bf500,planner_obj:con,0,1
945,0,833393124,160,1,84c,f47bf500,planner_obj:con,0,1
946,0,833393583,712,5,45,f47c3500,stabiliser_obj:,0,1
947,0,833394878,174,1,84c,f47c3500,stabiliser_obj:,0,1
948,0,833395367,1011,5,43,f47c3500,stabiliser_obj:,0,1
949,0,833396696,656,5,65,f47c2500,stabiliser_obj:,0,1
950,0,833400254,1208,5,41,f47b7500,flight_obj:flig,0,1
951,0,833402224,979,5,170a1,f47b7500,flight_obj:flig,0,1
952,0,833403556,497,5,841,f47c1900,sensors_obj:sen,0,1
953,0,833405232,632,5,170a1,f47c1900,sensors_obj:sen,0,1
954,0,833406177,1135,5,41,f47c9500,tk1_i2c_obj:i2c,0,1
955,0,833415527,629,5,33065,ffdf9100,idle_thread,0,1
956,0,833416547,1281,0,46,f47ca100,tk1_i2c_obj:tk1,0,1
957,0,833420000,577,5,191e1,f47ca100,tk1_i2c_obj:tk1,0,1
958,0,833420967,443,5,65,ffdf9100,idle_thread,0,1
959,0,833421778,920,0,46,f47ca100,tk1_i2c_obj:tk1,0,1
960,0,833424376,1020,5,63,f47ca100,tk1_i2c_obj:tk1,0,1
961,0,833426099,397,5,191e1,f47ca100,tk1_i2c_obj:tk1,0,1
962,0,833426882,686,5,65,f47c9500,tk1_i2c_obj:i2c,0,1
963,0,833434600,468,5,33065,ffdf9100,idle_thread,0,1
964,0,833435438,1034,0,40,f47c8100,tk1_gpio_obj:ir,0,1
965,0,833438272,424,5,191e1,f47c8100,tk1_gpio_obj:ir,0,1
966,0,833439044,488,5,65,ffdf9100,idle_thread,0,1
967,0,833439924,1215,0,40,f47c8100,tk1_gpio_obj:ir,0,1
968,0,833442320,343,5,191e1,f47c8100,tk1_gpio_obj:ir,0,1
969,0,833443004,437,5,65,ffdf9100,idle_thread,0,1
970,0,833443857,849,0,46,f47ca100,tk1_i2c_obj:tk1,0,1
971,0,833448051,1000,5,63,f47ca100,tk1_i2c_obj:tk1,0,1
972,0,833449757,488,5,191e1,f47ca100,tk1_i2c_obj:tk1,0,1
973,0,833450631,723,5,65,f47c9500,tk1_i2c_obj:i2c,0,1
974,0,833451947,597,5,842,f47c1900,sensors_obj:sen,0,1
975,0,833454204,1642,5,83,f47c1900,sensors_obj:sen,0,1
976,0,833456142,935,5,45,f47b7500,flight_obj:flig,0,1
977,0,833460066,1486,5,41,f47be100,motors_obj:moto,0,1
978,0,833463666,862,5,170a1,f47be100,motors_obj:moto,0,1
979,0,833464878,1096,5,41,f47c9500,tk1_i2c_obj:i2c,0,1
980,0,833474335,536,5,33065,ffdf9100,idle_thread,0,1
981,0,833475284,1352,0,40,f47c8100,tk1_gpio_obj:ir,0,1
982,0,833478435,528,5,191e1,f47c8100,tk1_gpio_obj:ir,0,1
983,0,833479313,417,5,65,ffdf9100,idle_thread,0,1
984,0,833480122,1214,0,40,f47c8100,tk1_gpio_obj:ir,0,1
985,0,833482515,343,5,191e1,f47c8100,tk1_gpio_obj:ir,0,1
986,0,833483199,437,5,65,ffdf9100,idle_thread,0,1
987,0,833484028,864,0,46,f47ca100,tk1_i2c_obj:tk1,0,1
988,0,833487135,420,5,191e1,f47ca100,tk1_i2c_obj:tk1,0,1
989,0,833487950,465,5,65,ffdf9100,idle_thread,0,1
990,0,833488862,1227,0,46,f47ca100,tk1_i2c_obj:tk1,0,1
991,0,833491767,1085,5,63,f47ca100,tk1_i2c_obj:tk1,0,1
992,0,833493558,491,5,191e1,f47ca100,tk1_i2c_obj:tk1,0,1
993,0,833494438,687,5,65,f47c9500,tk1_i2c_obj:i2c,0,1
994,0,833495716,552,5,842,f47be100,motors_obj:moto,0,1
995,0,833496779,1379,5,83,f47be100,motors_obj:moto,0,1
996,0,833498424,757,5,45,f47b7500,flight_obj:flig,0,1
997,0,833499790,1077,5,83,f47b7500,flight_obj:flig,0,1
998,0,833501153,742,5,45,f47c2500,stabiliser_obj:,0,1
999,0,833502817,261,1,84c,f47c2500,stabiliser_obj:,0,1
1000,0,833503381,466,5,45,ffdf9100,idle_thread,0,1
1001,0,833504364,870,0,1b,ffdf9100,idle_thread,0,1
1002,0,833505630,994,0,40,f47c8100,tk1_gpio_obj:ir,0,1
1003,0,833508571,399,5,191e1,f47c8100,tk1_gpio_obj:ir,0,1
1004,0,833509307,453,5,65,ffdf9100,idle_thread,0,1
1005,0,833510153,1209,0,40,f47c8100,tk1_gpio_obj:ir,0,1
1006,0,833512539,343,5,191e1,f47c8100,tk1_gpio_obj:ir,0,1
1007,0,833513224,437,5,65,ffdf9100,idle_thread,0,1
1008,0,833514053,641,0,40,f47c8100,tk1_gpio_obj:ir,0,1
1009,0,833516135,372,5,191e1,f47c8100,tk1_gpio_obj:ir,0,1
1010,0,833516848,437,5,65,ffdf9100,idle_thread,0,1
1011,0,833517677,641,0,40,f47c8100,tk1_gpio_obj:ir,0,1
1012,0,833519494,343,5,191e1,f47c8100,tk1_gpio_obj:ir,0,1
1013,0,833520178,437,5,65,ffdf9100,idle_thread,0,1
1014,0,833521008,641,0,40,f47c8100,tk1_gpio_obj:ir,0,1
1015,0,833523096,350,5,191e1,f47c8100,tk1_gpio_obj:ir,0,1
1016,0,833523787,437,5,65,ffdf9100,idle_thread,0,1
1017,0,833524616,641,0,40,f47c8100,tk1_gpio_obj:ir,0,1
1018,0,833526438,343,5,191e1,f47c8100,tk1_gpio_obj:ir,0,1
1019,0,833527122,437,5,65,ffdf9100,idle_thread,0,1
1020,0,833527951,641,0,40,f47c8100,tk1_gpio_obj:ir,0,1
1021,0,833529981,363,5,191e1,f47c8100,tk1_gpio_obj:ir,0,1
1022,0,833530685,437,5,65,ffdf9100,idle_thread,0,1
1023,0,833531514,641,0,40,f47c8100,tk1_gpio_obj:ir,0,1
1024,0,833533336,343,5,191e1,f47c8100,tk1_gpio_obj:ir,0,1
1025,0,833534029,438,5,65,ffdf9100,idle_thread,0,1
1026,0,833534859,641,0,40,f47c8100,tk1_gpio_obj:ir,0,1
1027,0,833536887,363,5,191e1,f47c8100,tk1_gpio_obj:ir,0,1
1028,0,833537591,437,5,65,ffdf9100,idle_thread,0,1
1029,0,833538421,641,0,40,f47c8100,tk1_gpio_obj:ir,0,1
1030,0,833540239,343,5,191e1,f47c8100,tk1_gpio_obj:ir,0,1
1031,0,833540923,437,5,65,ffdf9100,idle_thread,0,1
1032,0,833541752,879,0,99,f47c4900,time_server_obj,0,1
1033,0,833543771,1053,5,63,f47c4900,time_server_obj,0,1
1034,0,833545850,341,5,191e1,f47c4900,time_server_obj,0,1
1035,0,833546609,783,5,65,f47c0500,planner_obj:tim,0,1
1036,0,833548088,175,1,84c,f47c0500,planner_obj:tim,0,1
1037,0,833548597,1146,5,43,f47c0500,planner_obj:tim,0,1
1038,0,833550060,671,5,65,f47bf500,planner_obj:con,0,1
1039,0,833551351,176,1,84c,f47bf500,planner_obj:con,0,1
1040,0,833551827,464,5,45,ffdf9100,idle_thread,0,1
1041,0,833552813,1356,0,40,f47c8100,tk1_gpio_obj:ir,0,1
1042,0,833555950,424,5,191e1,f47c8100,tk1_gpio_obj:ir,0,1
1043,0,833556711,436,5,65,ffdf9100,idle_thread,0,1
1044,0,833557539,1209,0,40,f47c8100,tk1_gpio_obj:ir,0,1
1045,0,833559924,343,5,191e1,f47c8100,tk1_gpio_obj:ir,0,1
1046,0,833560608,437,5,65,ffdf9100,idle_thread,0,1
1047,0,833561438,641,0,40,f47c8100,tk1_gpio_obj:ir,0,1
1048,0,833563567,350,5,191e1,f47c8100,tk1_gpio_obj:ir,0,1
1049,0,833564258,437,5,65,ffdf9100,idle_thread,0,1
1050,0,833565087,641,0,40,f47c8100,tk1_gpio_obj:ir,0,1
1051,0,833566906,343,5,191e1,f47c8100,tk1_gpio_obj:ir,0,1
1052,0,833567590,437,5,65,ffdf9100,idle_thread,0,1
1053,0,833568422,161,0,1b,ffdf9100,idle_thread,0,1
1054,0,833568993,905,0,99,f47c4900,time_server_obj,0,1
1055,0,833570363,960,5,63,f47c4900,time_server_obj,0,1
1056,0,833571744,863,5,63,f47c4900,time_server_obj,0,1
1057,0,833573382,362,5,191e1,f47c4900,time_server_obj,0,1
1058,0,833574136,747,5,65,f47c0500,planner_obj:tim,0,1
1059,0,833575220,172,1,84c,f47c0500,planner_obj:tim,0,1
1060,0,833575725,1060,5,43,f47c0500,planner_obj:tim,0,1
1061,0,833577099,653,5,65,f47bf500,planner_obj:con,0,1
1062,0,833578159,160,1,84c,f47bf500,planner_obj:con,0,1
1063,0,833578618,712,5,45,f47c3500,stabiliser_obj:,0,1
1064,0,833579900,174,1,84c,f47c3500,stabiliser_obj:,0,1
1065,0,833580389,992,5,43,f47c3500,stabiliser_obj:,0,1
1066,0,833581699,669,5,65,f47c2500,stabiliser_obj:,0,1
1067,0,833585007,1261,5,41,f47b7500,flight_obj:flig,0,1
1068,0,833587211,916,5,170a1,f47b7500,flight_obj:flig,0,1
1069,0,833588480,494,5,841,f47c1900,sensors_obj:sen,0,1
1070,0,833590163,598,5,170a1,f47c1900,sensors_obj:sen,0,1
1071,0,833591074,1161,5,41,f47c9500,tk1_i2c_obj:i2c,0,1
1072,0,833600375,612,5,33065,ffdf9100,idle_thread,0,1
1073,0,833601378,1281,0,46,f47ca100,tk1_i2c_obj:tk1,0,1
1074,0,833604695,592,5,191e1,f47ca100,tk1_i2c_obj:tk1,0,1
1075,0,833605673,450,5,65,ffdf9100,idle_thread,0,1
1076,0,833606491,901,0,46,f47ca100,tk1_i2c_obj:tk1,0,1
1077,0,833609074,968,5,63,f47ca100,tk1_i2c_obj:tk1,0,1
1078,0,833610745,451,5,191e1,f47ca100,tk1_i2c_obj:tk1,0,1
1079,0,833611585,686,5,65,f47c9500,tk1_i2c_obj:i2c,0,1
1080,0,833619329,445,5,33065,ffdf9100,idle_thread,0,1
1081,0,833620144,665,0,46,f47ca100,tk1_i2c_obj:tk1,0,1
1082,0,833623852,968,5,63,f47ca100,tk1_i2c_obj:tk1,0,1
1083,0,833625526,535,5,191e1,f47ca100,tk1_i2c_obj:tk1,0,1
1084,0,833626447,723,5,65,f47c9500,tk1_i2c_obj:i2c,0,1
1085,0,833627779,597,5,842,f47c1900,sensors_obj:sen,0,1
1086,0,833629876,1664,5,83,f47c1900,sensors_obj:sen,0,1
1087,0,833631811,820,5,45,f47b7500,flight_obj:flig,0,1
1088,0,833635358,1493,5,41,f47be100,motors_obj:moto,0,1
1089,0,833639242,848,5,170a1,f47be100,motors_obj:moto,0,1
1090,0,833640477,1114,5,41,f47c9500,tk1_i2c_obj:i2c,0,1
1091,0,833649598,549,5,33065,ffdf9100,idle_thread,0,1
1092,0,833650567,1248,0,46,f47ca100,tk1_i2c_obj:tk1,0,1
1093,0,833654008,542,5,191e1,f47ca100,tk1_i2c_obj:tk1,0,1
1094,0,833654945,419,5,65,ffdf9100,idle_thread,0,1
1095,0,833655732,824,0,46,f47ca100,tk1_i2c_obj:tk1,0,1
1096,0,833658276,989,5,63,f47ca100,tk1_i2c_obj:tk1,0,1
1097,0,833659966,484,5,191e1,f47ca100,tk1_i2c_obj:tk1,0,1
1098,0,833660937,713,5,65,f47c9500,tk1_i2c_obj:i2c,0,1
1099,0,833662218,571,5,842,f47be100,motors_obj:moto,0,1
1100,0,833663290,1376,5,83,f47be100,motors_obj:moto,0,1
1101,0,833664932,783,5,45,f47b7500,flight_obj:flig,0,1
1102,0,833666279,1144,5,83,f47b7500,flight_obj:flig,0,1
1103,0,833667715,705,5,45,f47c2500,stabiliser_obj:,0,1
1104,0,833669339,238,1,84c,f47c2500,stabiliser_obj:,0,1
1105,0,833669880,466,5,45,ffdf9100,idle_thread,0,1
1106,0,833670867,870,0,1b,ffdf9100,idle_thread,0,1
1107,0,833672133,994,0,40,f47c8100,tk1_gpio_obj:ir,0,1
1108,0,833675090,373,5,191e1,f47c8100,tk1_gpio_obj:ir,0,1
1109,0,833675816,452,5,65,ffdf9100,idle_thread,0,1
1110,0,833676685,1214,0,40,f47c8100,tk1_gpio_obj:ir,0,1
1111,0,833679095,402,5,191e1,f47c8100,tk1_gpio_obj:ir,0,1
1112,0,833679837,437,5,65,ffdf9100,idle_thread,0,1
1113,0,833680690,641,0,40,f47c8100,tk1_gpio_obj:ir,0,1
1114,0,833682818,352,5,191e1,f47c8100,tk1_gpio_obj:ir,0,1
1115,0,833683511,437,5,65,ffdf9100,idle_thread,0,1
1116,0,833684364,641,0,40,f47c8100,tk1_gpio_obj:ir,0,1
1117,0,833686183,343,5,191e1,f47c8100,tk1_gpio_obj:ir,0,1
1118,0,833686867,437,5,65,ffdf9100,idle_thread,0,1
1119,0,833687720,879,0,99,f47c4900,time_server_obj,0,1
1120,0,833689632,1017,5,63,f47c4900,time_server_obj,0,1
1121,0,833691276,872,5,63,f47c4900,time_server_obj,0,1
1122,0,833692955,387,5,191e1,f47c4900,time_server_obj,0,1
1123,0,833693737,747,5,65,f47c0500,planner_obj:tim,0,1
1124,0,833695269,175,1,84c,f47c0500,planner_obj:tim,0,1
1125,0,833695778,1229,5,43,f47c0500,planner_obj:tim,0,1
1126,0,833697324,646,5,65,f47bf500,planner_obj:con,0,1
1127,0,833698488,160,1,84c,f47bf500,planner_obj:con,0,1
1128,0,833698947,709,5,45,f47b5900,benchmark_obj:t,0,1
1129,0,833700650,188,1,84c,f47b5900,benchmark_obj:t,0,1
1130,0,833701240,1086,5,43,f47b5900,benchmark_obj:t,0,1
1131,0,833702682,664,5,65,f47b4d00,benchmark_obj:c,0,1
1132,0,833703927,160,1,84c,f47b4d00,benchmark_obj:c,0,1
1133,0,833704405,483,5,45,ffdf9100,idle_thread,0,1
1134,0,833705629,1329,0,40,f47c8100,tk1_gpio_obj:ir,0,1
1135,0,833709082,397,5,191e1,f47c8100,tk1_gpio_obj:ir,0,1
1136,0,833709816,436,5,65,ffdf9100,idle_thread,0,1
1137,0,833710668,1209,0,40,f47c8100,tk1_gpio_obj:ir,0,1
1138,0,833713054,360,5,191e1,f47c8100,tk1_gpio_obj:ir,0,1
1139,0,833713755,457,5,65,ffdf9100,idle_thread,0,1
1140,0,833714628,641,0,40,f47c8100,tk1_gpio_obj:ir,0,1
1141,0,833716776,382,5,191e1,f47c8100,tk1_gpio_obj:ir,0,1
1142,0,833717499,437,5,65,ffdf9100,idle_thread,0,1
1143,0,833718353,641,0,40,f47c8100,tk1_gpio_obj:ir,0,1
1144,0,833720173,343,5,191e1,f47c8100,tk1_gpio_obj:ir,0,1
1145,0,833720857,437,5,65,ffdf9100,idle_thread,0,1
1146,0,833721710,641,0,40,f47c8100,tk1_gpio_obj:ir,0,1
1147,0,833723778,350,5,191e1,f47c8100,tk1_gpio_obj:ir,0,1
1148,0,833724469,437,5,65,ffdf9100,idle_thread,0,1
1149,0,833725325,641,0,40,f47c8100,tk1_gpio_obj:ir,0,1
1150,0,833727148,343,5,191e1,f47c8100,tk1_gpio_obj:ir,0,1
1151,0,833727832,437,5,65,ffdf9100,idle_thread,0,1
1152,0,833728685,161,0,1b,ffdf9100,idle_thread,0,1
1153,0,833729256,663,0,40,f47c8100,tk1_gpio_obj:ir,0,1
1154,0,833731406,363,5,191e1,f47c8100,tk1_gpio_obj:ir,0,1
1155,0,833732110,437,5,65,ffdf9100,idle_thread,0,1
1156,0,833732963,641,0,40,f47c8100,tk1_gpio_obj:ir,0,1
1157,0,833734779,343,5,191e1,f47c8100,tk1_gpio_obj:ir,0,1
1158,0,833735463,437,5,65,ffdf9100,idle_thread,0,1
1159,0,833736316,641,0,40,f47c8100,tk1_gpio_obj:ir,0,1
1160,0,833738378,363,5,191e1,f47c8100,tk1_gpio_obj:ir,0,1
1161,0,833739082,437,5,65,ffdf9100,idle_thread,0,1
1162,0,833739935,641,0,40,f47c8100,tk1_gpio_obj:ir,0,1
1163,0,833741755,343,5,191e1,f47c8100,tk1_gpio_obj:ir,0,1
1164,0,833742439,437,5,65,ffdf9100,idle_thread,0,1
1165,0,833743293,641,0,40,f47c8100,tk1_gpio_obj:ir,0,1
1166,0,833745394,363,5,191e1,f47c8100,tk1_gpio_obj:ir,0,1
1167,0,833746099,437,5,65,ffdf9100,idle_thread,0,1
1168,0,833746952,641,0,40,f47c8100,tk1_gpio_obj:ir,0,1
1169,0,833748770,343,5,191e1,f47c8100,tk1_gpio_obj:ir,0,1
1170,0,833749454,437,5,65,ffdf9100,idle_thread,0,1
1171,0,833750310,641,0,40,f47c8100,tk1_gpio_obj:ir,0,1
1172,0,833752423,350,5,191e1,f47c8100,tk1_gpio_obj:ir,0,1
1173,0,833753114,437,5,65,ffdf9100,idle_thread,0,1
1174,0,833753968,641,0,40,f47c8100,tk1_gpio_obj:ir,0,1
1175,0,833755789,343,5,191e1,f47c8100,tk1_gpio_obj:ir,0,1
1176,0,833756473,437,5,65,ffdf9100,idle_thread,0,1
1177,0,833757326,885,0,99,f47c4900,time_server_obj,0,1
1178,0,833758786,968,5,63,f47c4900,time_server_obj,0,1
1179,0,833760166,904,5,63,f47c4900,time_server_obj,0,1
1180,0,833761732,385,5,191e1,f47c4900,time_server_obj,0,1
1181,0,833762511,750,5,65,f47c0500,planner_obj:tim,0,1
1182,0,833763810,172,1,84c,f47c0500,planner_obj:tim,0,1
1183,0,833764315,1092,5,43,f47c0500,planner_obj:tim,0,1
1184,0,833765721,622,5,65,f47bf500,planner_obj:con,0,1
1185,0,833766760,160,1,84c,f47bf500,planner_obj:con,0,1
1186,0,833767219,701,5,45,f47c3500,stabiliser_obj:,0,1
1187,0,833768561,174,1,84c,f47c3500,stabiliser_obj:,0,1
1188,0,833769050,999,5,43,f47c3500,stabiliser_obj:,0,1
1189,0,833770367,656,5,65,f47c2500,stabiliser_obj:,0,1
1190,0,833774054,1254,5,41,f47b7500,flight_obj:flig,0,1
1191,0,833776155,939,5,170a1,f47b7500,flight_obj:flig,0,1
1192,0,833777447,519,5,841,f47c1900,sensors_obj:sen,0,1
1193,0,833779081,486,5,170a1,f47c1900,sensors_obj:sen,0,1
1194,0,833779879,1125,5,41,f47c9500,tk1_i2c_obj:i2c,0,1
1195,0,833789229,637,5,33065,ffdf9100,idle_thread,0,1
1196,0,833790234,1274,0,46,f47ca100,tk1_i2c_obj:tk1,0,1
1197,0,833793708,584,5,191e1,f47ca100,tk1_i2c_obj:tk1,0,1
1198,0,833794682,440,5,65,ffdf9100,idle_thread,0,1
1199,0,833795495,939,0,46,f47ca100,tk1_i2c_obj:tk1,0,1
1200,0,833798138,964,5,63,f47ca100,tk1_i2c_obj:tk1,0,1
1201,0,833799799,454,5,191e1,f47ca100,tk1_i2c_obj:tk1,0,1
1202,0,833800639,666,5,65,f47c9500,tk1_i2c_obj:i2c,0,1
1203,0,833808366,467,5,33065,ffdf9100,idle_thread,0,1
1204,0,833809203,666,0,46,f47ca100,tk1_i2c_obj:tk1,0,1
1205,0,833812932,893,5,63,f47ca100,tk1_i2c_obj:tk1,0,1
1206,0,833814528,511,5,191e1,f47ca100,tk1_i2c_obj:tk1,0,1
1207,0,833815428,653,5,65,f47c9500,tk1_i2c_obj:i2c,0,1
1208,0,833816656,573,5,842,f47c1900,sensors_obj:sen,0,1
1209,0,833818700,1605,5,83,f47c1900,sensors_obj:sen,0,1
1210,0,833820576,838,5,45,f47b7500,flight_obj:flig,0,1
1211,0,833824176,1533,5,41,f47be100,motors_obj:moto,0,1
1212,0,833827896,808,5,170a1,f47be100,motors_obj:moto,0,1
1213,0,833829054,1112,5,41,f47c9500,tk1_i2c_obj:i2c,0,1
1214,0,833838232,612,5,33065,ffdf9100,idle_thread,0,1
1215,0,833839244,1232,0,46,f47ca100,tk1_i2c_obj:tk1,0,1
1216,0,833842627,559,5,191e1,f47ca100,tk1_i2c_obj:tk1,0,1
1217,0,833843578,440,5,65,ffdf9100,idle_thread,0,1
1218,0,833844391,944,0,46,f47ca100,tk1_i2c_obj:tk1,0,1
1219,0,833847011,985,5,63,f47ca100,tk1_i2c_obj:tk1,0,1
1220,0,833848700,487,5,191e1,f47ca100,tk1_i2c_obj:tk1,0,1
1221,0,833849573,690,5,65,f47c9500,tk1_i2c_obj:i2c,0,1
1222,0,833850850,571,5,842,f47be100,motors_obj:moto,0,1
1223,0,833851922,1386,5,83,f47be100,motors_obj:moto,0,1
1224,0,833853574,794,5,45,f47b7500,flight_obj:flig,0,1
1225,0,833855121,1174,5,83,f47b7500,flight_obj:flig,0,1
1226,0,833856604,670,5,45,f47c2500,stabiliser_obj:,0,1
1227,0,833858288,259,1,84c,f47c2500,stabiliser_obj:,0,1
1228,0,833858850,466,5,45,ffdf9100,idle_thread,0,1
1229,0,833859833,870,0,1b,ffdf9100,idle_thread,0,1
1230,0,833861099,981,0,99,f47c4900,time_server_obj,0,1
1231,0,833863172,959,5,63,f47c4900,time_server_obj,0,1
1232,0,833865222,336,5,191e1,f47c4900,time_server_obj,0,1
1233,0,833865953,787,5,65,f47c0500,planner_obj:tim,0,1
1234,0,833867523,174,1,84c,f47c0500,planner_obj:tim,0,1
1235,0,833868031,1144,5,43,f47c0500,planner_obj:tim,0,1
1236,0,833869492,619,5,65,f47bf500,planner_obj:con,0,1
1237,0,833870727,160,1,84c,f47bf500,planner_obj:con,0,1
1238,0,833871186,464,5,45,ffdf9100,idle_thread,0,1
1239,0,833872170,873,0,1b,ffdf9100,idle_thread,0,1
1240,0,833873410,978,0,40,f47c8100,tk1_gpio_obj:ir,0,1
1241,0,833876699,373,5,191e1,f47c8100,tk1_gpio_obj:ir,0,1
1242,0,833877420,543,5,65,ffdf9100,idle_thread,0,1
1243,0,833878355,1209,0,40,f47c8100,tk1_gpio_obj:ir,0,1
1244,0,833880747,345,5,191e1,f47c8100,tk1_gpio_obj:ir,0,1
1245,0,833881433,457,5,65,ffdf9100,idle_thread,0,1
1246,0,833882283,641,0,40,f47c8100,tk1_gpio_obj:ir,0,1
1247,0,833884483,365,5,191e1,f47c8100,tk1_gpio_obj:ir,0,1
1248,0,833885189,437,5,65,ffdf9100,idle_thread,0,1
1249,0,833886018,641,0,40,f47c8100,tk1_gpio_obj:ir,0,1
1250,0,833887816,345,5,191e1,f47c8100,tk1_gpio_obj:ir,0,1
1251,0,833888502,437,5,65,ffdf9100,idle_thread,0,1
1252,0,833889331,641,0,40,f47c8100,tk1_gpio_obj:ir,0,1
1253,0,833891525,402,5,191e1,f47c8100,tk1_gpio_obj:ir,0,1
1254,0,833892262,437,5,65,ffdf9100,idle_thread,0,1
1255,0,833893091,641,0,40,f47c8100,tk1_gpio_obj:ir,0,1
1256,0,833894907,345,5,191e1,f47c8100,tk1_gpio_obj:ir,0,1
1257,0,833895593,437,5,65,ffdf9100,idle_thread,0,1
1258,0,833896422,641,0,40,f47c8100,tk1_gpio_obj:ir,0,1
1259,0,833898460,402,5,191e1,f47c8100,tk1_gpio_obj:ir,0,1
1260,0,833899197,437,5,65,ffdf9100,idle_thread,0,1
1261,0,833900027,641,0,40,f47c8100,tk1_gpio_obj:ir,0,1
1262,0,833901843,345,5,191e1,f47c8100,tk1_gpio_obj:ir,0,1
1263,0,833902530,437,5,65,ffdf9100,idle_thread,0,1
1264,0,833903359,885,0,99,f47c4900,time_server_obj,0,1
1265,0,833904675,972,5,63,f47c4900,time_server_obj,0,1
1266,0,833906068,858,5,63,f47c4900,time_server_obj,0,1
1267,0,833907649,388,5,191e1,f47c4900,time_server_obj,0,1
1268,0,833908429,747,5,65,f47c0500,planner_obj:tim,0,1
1269,0,833909527,172,1,84c,f47c0500,planner_obj:tim,0,1
1270,0,833910032,1101,5,43,f47c0500,planner_obj:tim,0,1
1271,0,833911447,622,5,65,f47bf500,planner_obj:con,0,1
1272,0,833912472,160,1,84c,f47bf500,planner_obj:con,0,1
1273,0,833912931,712,5,45,f47c3500,stabiliser_obj:,0,1
1274,0,833914272,174,1,84c,f47c3500,stabiliser_obj:,0,1
1275,0,833914761,1011,5,43,f47c3500,stabiliser_obj:,0,1
1276,0,833916090,656,5,65,f47c2500,stabiliser_obj:,0,1
1277,0,833919548,1204,5,41,f47b7500,flight_obj:flig,0,1
1278,0,833921619,940,5,170a1,f47b7500,flight_obj:flig,0,1
1279,0,833922912,512,5,841,f47c1900,sensors_obj:sen,0,1
1280,0,833924635,470,5,170a1,f47c1900,sensors_obj:sen,0,1
1281,0,833925417,1105,5,41,f47c9500,tk1_i2c_obj:i2c,0,1
1282,0,833934668,621,5,33065,ffdf9100,idle_thread,0,1
1283,0,833935680,1289,0,46,f47ca100,tk1_i2c_obj:tk1,0,1
1284,0,833938998,592,5,191e1,f47ca100,tk1_i2c_obj:tk1,0,1
1285,0,833939982,472,5,65,ffdf9100,idle_thread,0,1
1286,0,833940822,664,0,46,f47ca100,tk1_i2c_obj:tk1,0,1
1287,0,833943166,1014,5,63,f47ca100,tk1_i2c_obj:tk1,0,1
1288,0,833944886,455,5,191e1,f47ca100,tk1_i2c_obj:tk1,0,1
1289,0,833945730,666,5,65,f47c9500,tk1_i2c_obj:i2c,0,1
1290,0,833953435,447,5,33065,ffdf9100,idle_thread,0,1
1291,0,833954252,954,0,40,f47c8100,tk1_gpio_obj:ir,0,1
1292,0,833957331,474,5,191e1,f47c8100,tk1_gpio_obj:ir,0,1
1293,0,833958153,472,5,65,ffdf9100,idle_thread,0,1
1294,0,833959018,1209,0,40,f47c8100,tk1_gpio_obj:ir,0,1
1295,0,833961406,343,5,191e1,f47c8100,tk1_gpio_obj:ir,0,1
1296,0,833962090,437,5,65,ffdf9100,idle_thread,0,1
1297,0,833962919,641,0,40,f47c8100,tk1_gpio_obj:ir,0,1
1298,0,833965036,352,5,191e1,f47c8100,tk1_gpio_obj:ir,0,1
1299,0,833965729,437,5,65,ffdf9100,idle_thread,0,1
1300,0,833966558,857,0,46,f47ca100,tk1_i2c_obj:tk1,0,1
1301,0,833970603,874,5,63,f47ca100,tk1_i2c_obj:tk1,0,1
1302,0,833972183,447,5,191e1,f47ca100,tk1_i2c_obj:tk1,0,1
1303,0,833973016,707,5,65,f47c9500,tk1_i2c_obj:i2c,0,1
1304,0,833974309,597,5,842,f47c1900,sensors_obj:sen,0,1
1305,0,833976492,1608,5,83,f47c1900,sensors_obj:sen,0,1
1306,0,833978371,774,5,45,f47b7500,flight_obj:flig,0,1
1307,0,833982011,1614,5,41,f47be100,motors_obj:moto,0,1
1308,0,833985889,838,5,170a1,f47be100,motors_obj:moto,0,1
1309,0,833987091,987,5,41,f47c9500,tk1_i2c_obj:i2c,0,1
1310,0,833996209,573,5,33065,ffdf9100,idle_thread,0,1
1311,0,833997191,976,0,40,f47c8100,tk1_gpio_obj:ir,0,1
1312,0,834000096,560,5,191e1,f47c8100,tk1_gpio_obj:ir,0,1
1313,0,834001006,416,5,65,ffdf9100,idle_thread,0,1
1314,0,834001838,1209,0,40,f47c8100,tk1_gpio_obj:ir,0,1
1315,0,834004531,352,5,191e1,f47c8100,tk1_gpio_obj:ir,0,1
1316,0,834005224,437,5,65,ffdf9100,idle_thread,0,1
1317,0,834006078,651,0,40,f47c8100,tk1_gpio_obj:ir,0,1
1318,0,834007905,345,5,191e1,f47c8100,tk1_gpio_obj:ir,0,1
1319,0,834008591,437,5,65,ffdf9100,idle_thread,0,1
1320,0,834009444,870,0,46,f47ca100,tk1_i2c_obj:tk1,0,1
1321,0,834012577,421,5,191e1,f47ca100,tk1_i2c_obj:tk1,0,1
1322,0,834013393,466,5,65,ffdf9100,idle_thread,0,1
1323,0,834014227,1218,0,46,f47ca100,tk1_i2c_obj:tk1,0,1
1324,0,834017120,1050,5,63,f47ca100,tk1_i2c_obj:tk1,0,1
1325,0,834018905,443,5,191e1,f47ca100,tk1_i2c_obj:tk1,0,1
1326,0,834019734,731,5,65,f47c9500,tk1_i2c_obj:i2c,0,1
1327,0,834021032,599,5,842,f47be100,motors_obj:moto,0,1
1328,0,834022202,1420,5,83,f47be100,motors_obj:moto,0,1
1329,0,834023894,726,5,45,f47b7500,flight_obj:flig,0,1
1330,0,834025373,1123,5,83,f47b7500,flight_obj:flig,0,1
1331,0,834026811,705,5,45,f47c2500,stabiliser_obj:,0,1
1332,0,834028436,311,1,84c,f47c2500,stabiliser_obj:,0,1
1333,0,834029050,466,5,45,ffdf9100,idle_thread,0,1
1334,0,834029918,867,0,1b,ffdf9100,idle_thread,0,1
1335,0,834031185,994,0,40,f47c8100,tk1_gpio_obj:ir,0,1
1336,0,834034180,425,5,191e1,f47c8100,tk1_gpio_obj:ir,0,1
1337,0,834034947,453,5,65,ffdf9100,idle_thread,0,1
1338,0,834035816,1214,0,40,f47c8100,tk1_gpio_obj:ir,0,1
1339,0,834038207,345,5,191e1,f47c8100,tk1_gpio_obj:ir,0,1
1340,0,834038893,437,5,65,ffdf9100,idle_thread,0,1
1341,0,834039749,641,0,40,f47c8100,tk1_gpio_obj:ir,0,1
1342,0,834041820,352,5,191e1,f47c8100,tk1_gpio_obj:ir,0,1
1343,0,834042513,437,5,65,ffdf9100,idle_thread,0,1
1344,0,834043366,641,0,40,f47c8100,tk1_gpio_obj:ir,0,1
1345,0,834045182,343,5,191e1,f47c8100,tk1_gpio_obj:ir,0,1
1346,0,834045866,437,5,65,ffdf9100,idle_thread,0,1
1347,0,834046719,879,0,99,f47c4900,time_server_obj,0,1
1348,0,834048714,956,5,63,f47c4900,time_server_obj,0,1
1349,0,834050592,362,5,191e1,f47c4900,time_server_obj,0,1
1350,0,834051352,756,5,65,f47c0500,planner_obj:tim,0,1
1351,0,834052892,175,1,84c,f47c0500,planner_obj:tim,0,1
1352,0,834053401,1157,5,43,f47c0500,planner_obj:tim,0,1
1353,0,834054875,641,5,65,f47bf500,planner_obj:con,0,1
1354,0,834056034,160,1,84c,f47bf500,planner_obj:con,0,1
1355,0,834056493,464,5,45,ffdf9100,idle_thread,0,1
1356,0,834057379,873,0,1b,ffdf9100,idle_thread,0,1
1357,0,834058619,939,0,99,f47c4900,time_server_obj,0,1
1358,0,834060022,980,5,63,f47c4900,time_server_obj,0,1
1359,0,834061510,927,5,63,f47c4900,time_server_obj,0,1
1360,0,834063070,323,5,191e1,f47c4900,time_server_obj,0,1
1361,0,834063785,700,5,65,f47c0500,planner_obj:tim,0,1
1362,0,834064807,174,1,84c,f47c0500,planner_obj:tim,0,1
1363,0,834065314,1027,5,43,f47c0500,planner_obj:tim,0,1
1364,0,834066655,609,5,65,f47bf500,planner_obj:con,0,1
1365,0,834067667,160,1,84c,f47bf500,planner_obj:con,0,1
1366,0,834068126,696,5,45,f47c3500,stabiliser_obj:,0,1
1367,0,834069397,174,1,84c,f47c3500,stabiliser_obj:,0,1
1368,0,834069886,973,5,43,f47c3500,stabiliser_obj:,0,1
1369,0,834071177,656,5,65,f47c2500,stabiliser_obj:,0,1
1370,0,834074733,1220,5,41,f47b7500,flight_obj:flig,0,1
1371,0,834076715,940,5,170a1,f47b7500,flight_obj:flig,0,1
1372,0,834078008,549,5,841,f47c1900,sensors_obj:sen,0,1
1373,0,834079770,551,5,170a1,f47c1900,sensors_obj:sen,0,1
1374,0,834080634,1150,5,41,f47c9500,tk1_i2c_obj:i2c,0,1
1375,0,834090014,626,5,33065,ffdf9100,idle_thread,0,1
1376,0,834091031,1281,0,46,f47ca100,tk1_i2c_obj:tk1,0,1
1377,0,834094498,548,5,191e1,f47ca100,tk1_i2c_obj:tk1,0,1
1378,0,834095438,443,5,65,ffdf9100,idle_thread,0,1
1379,0,834096249,920,0,46,f47ca100,tk1_i2c_obj:tk1,0,1
1380,0,834098845,966,5,63,f47ca100,tk1_i2c_obj:tk1,0,1
1381,0,834100517,447,5,191e1,f47ca100,tk1_i2c_obj:tk1,0,1
1382,0,834101350,686,5,65,f47c9500,tk1_i2c_obj:i2c,0,1
1383,0,834109066,447,5,33065,ffdf9100,idle_thread,0,1
1384,0,834109883,666,0,46,f47ca100,tk1_i2c_obj:tk1,0,1
1385,0,834113593,915,5,63,f47ca100,tk1_i2c_obj:tk1,0,1
1386,0,834115205,467,5,191e1,f47ca100,tk1_i2c_obj:tk1,0,1
1387,0,834116058,707,5,65,f47c9500,tk1_i2c_obj:i2c,0,1
1388,0,834117343,596,5,842,f47c1900,sensors_obj:sen,0,1
1389,0,834119459,1638,5,83,f47c1900,sensors_obj:sen,0,1
1390,0,834121368,820,5,45,f47b7500,flight_obj:flig,0,1
1391,0,834124871,1469,5,41,f47be100,motors_obj:moto,0,1
1392,0,834128455,821,5,170a1,f47be100,motors_obj:moto,0,1
1393,0,834129640,1050,5,41,f47c9500,tk1_i2c_obj:i2c,0,1
1394,0,834138784,659,5,33065,ffdf9100,idle_thread,0,1
1395,0,834139865,1316,0,40,f47c8100,tk1_gpio_obj:ir,0,1
1396,0,834143339,524,5,191e1,f47c8100,tk1_gpio_obj:ir,0,1
1397,0,834144213,466,5,65,ffdf9100,idle_thread,0,1
1398,0,834145072,1209,0,40,f47c8100,tk1_gpio_obj:ir,0,1
1399,0,834147477,345,5,191e1,f47c8100,tk1_gpio_obj:ir,0,1
1400,0,834148163,437,5,65,ffdf9100,idle_thread,0,1
1401,0,834148992,641,0,40,f47c8100,tk1_gpio_obj:ir,0,1
1402,0,834151123,352,5,191e1,f47c8100,tk1_gpio_obj:ir,0,1
1403,0,834151816,437,5,65,ffdf9100,idle_thread,0,1
1404,0,834152645,871,0,46,f47ca100,tk1_i2c_obj:tk1,0,1
1405,0,834155616,414,5,191e1,f47ca100,tk1_i2c_obj:tk1,0,1
1406,0,834156425,466,5,65,ffdf9100,idle_thread,0,1
1407,0,834157310,1227,0,46,f47ca100,tk1_i2c_obj:tk1,0,1
1408,0,834160218,1096,5,63,f47ca100,tk1_i2c_obj:tk1,0,1
1409,0,834162046,492,5,191e1,f47ca100,tk1_i2c_obj:tk1,0,1
1410,0,834162927,686,5,65,f47c9500,tk1_i2c_obj:i2c,0,1
1411,0,834164179,645,5,842,f47be100,motors_obj:moto,0,1
1412,0,834165395,1505,5,83,f47be100,motors_obj:moto,0,1
1413,0,834167172,726,5,45,f47b7500,flight_obj:flig,0,1
1414,0,834168503,1098,5,83,f47b7500,flight_obj:flig,0,1
1415,0,834169893,724,5,45,f47c2500,stabiliser_obj:,0,1
1416,0,834171537,281,1,84c,f47c2500,stabiliser_obj:,0,1
1417,0,834172121,466,5,45,ffdf9100,idle_thread,0,1
1418,0,834173109,1344,0,40,f47c8100,tk1_gpio_obj:ir,0,1
1419,0,834175973,395,5,191e1,f47c8100,tk1_gpio_obj:ir,0,1
1420,0,834176718,464,5,65,ffdf9100,idle_thread,0,1
1421,0,834177575,811,0,1b,ffdf9100,idle_thread,0,1
1422,0,834178775,745,0,40,f47c8100,tk1_gpio_obj:ir,0,1
1423,0,834181041,352,5,191e1,f47c8100,tk1_gpio_obj:ir,0,1
1424,0,834181734,437,5,65,ffdf9100,idle_thread,0,1
1425,0,834182563,641,0,40,f47c8100,tk1_gpio_obj:ir,0,1
1426,0,834184385,343,5,191e1,f47c8100,tk1_gpio_obj:ir,0,1
1427,0,834185069,437,5,65,ffdf9100,idle_thread,0,1
1428,0,834185898,641,0,40,f47c8100,tk1_gpio_obj:ir,0,1
1429,0,834187925,363,5,191e1,f47c8100,tk1_gpio_obj:ir,0,1
1430,0,834188629,437,5,65,ffdf9100,idle_thread,0,1
1431,0,834189459,641,0,40,f47c8100,tk1_gpio_obj:ir,0,1
1432,0,834191278,343,5,191e1,f47c8100,tk1_gpio_obj:ir,0,1
1433,0,834191962,437,5,65,ffdf9100,idle_thread,0,1
1434,0,834192791,641,0,40,f47c8100,tk1_gpio_obj:ir,0,1
1435,0,834194779,350,5,191e1,f47c8100,tk1_gpio_obj:ir,0,1
1436,0,834195470,437,5,65,ffdf9100,idle_thread,0,1
1437,0,834196302,641,0,40,f47c8100,tk1_gpio_obj:ir,0,1
1438,0,834198117,343,5,191e1,f47c8100,tk1_gpio_obj:ir,0,1
1439,0,834198801,437,5,65,ffdf9100,idle_thread,0,1
1440,0,834199630,641,0,40,f47c8100,tk1_gpio_obj:ir,0,1
1441,0,834201577,363,5,191e1,f47c8100,tk1_gpio_obj:ir,0,1
1442,0,834202281,437,5,65,ffdf9100,idle_thread,0,1
1443,0,834203110,641,0,40,f47c8100,tk1_gpio_obj:ir,0,1
1444,0,834204931,343,5,191e1,f47c8100,tk1_gpio_obj:ir,0,1
1445,0,834205615,437,5,65,ffdf9100,idle_thread,0,1
1446,0,834206447,641,0,40,f47c8100,tk1_gpio_obj:ir,0,1
1447,0,834208410,363,5,191e1,f47c8100,tk1_gpio_obj:ir,0,1
1448,0,834209114,437,5,65,ffdf9100,idle_thread,0,1
1449,0,834209943,641,0,40,f47c8100,tk1_gpio_obj:ir,0,1
1450,0,834211762,343,5,191e1,f47c8100,tk1_gpio_obj:ir,0,1
1451,0,834212446,437,5,65,ffdf9100,idle_thread,0,1
1452,0,834213275,885,0,99,f47c4900,time_server_obj,0,1
1453,0,834215236,900,5,63,f47c4900,time_server_obj,0,1
1454,0,834217148,399,5,191e1,f47c4900,time_server_obj,0,1
1455,0,834217920,756,5,65,f47c0500,planner_obj:tim,0,1
1456,0,834219281,175,1,84c,f47c0500,planner_obj:tim,0,1
1457,0,834219790,1245,5,43,f47c0500,planner_obj:tim,0,1
1458,0,834221352,636,5,65,f47bf500,planner_obj:con,0,1
1459,0,834222607,160,1,84c,f47bf500,planner_obj:con,0,1
1460,0,834223066,448,5,45,ffdf9100,idle_thread,0,1
1461,0,834224101,1367,0,40,f47c8100,tk1_gpio_obj:ir,0,1
1462,0,834227208,394,5,191e1,f47c8100,tk1_gpio_obj:ir,0,1
1463,0,834227946,453,5,65,ffdf9100,idle_thread,0,1
1464,0,834228791,1209,0,40,f47c8100,tk1_gpio_obj:ir,0,1
1465,0,834231195,345,5,191e1,f47c8100,tk1_gpio_obj:ir,0,1
1466,0,834231881,437,5,65,ffdf9100,idle_thread,0,1
1467,0,834232710,641,0,40,f47c8100,tk1_gpio_obj:ir,0,1
1468,0,834234778,350,5,191e1,f47c8100,tk1_gpio_obj:ir,0,1
1469,0,834235469,437,5,65,ffdf9100,idle_thread,0,1
1470,0,834236299,641,0,40,f47c8100,tk1_gpio_obj:ir,0,1
1471,0,834238115,343,5,191e1,f47c8100,tk1_gpio_obj:ir,0,1
1472,0,834238799,437,5,65,ffdf9100,idle_thread,0,1
1473,0,834239628,164,0,1b,ffdf9100,idle_thread,0,1
1474,0,834240199,911,0,99,f47c4900,time_server_obj,0,1
1475,0,834241580,934,5,63,f47c4900,time_server_obj,0,1
1476,0,834242944,870,5,63,f47c4900,time_server_obj,0,1
1477,0,834244534,360,5,191e1,f47c4900,time_server_obj,0,1
1478,0,834245292,753,5,65,f47c0500,planner_obj:tim,0,1
1479,0,834246382,172,1,84c,f47c0500,planner_obj:tim,0,1
1480,0,834246887,1066,5,43,f47c0500,planner_obj:tim,0,1
1481,0,834248267,622,5,65,f47bf500,planner_obj:con,0,1
1482,0,834249292,173,1,84c,f47bf500,planner_obj:con,0,1
1483,0,834249765,712,5,45,f47c3500,stabiliser_obj:,0,1
1484,0,834251038,174,1,84c,f47c3500,stabiliser_obj:,0,1
1485,0,834251527,1005,5,43,f47c3500,stabiliser_obj:,0,1
1486,0,834252850,621,5,65,f47c2500,stabiliser_obj:,0,1
1487,0,834256177,1241,5,41,f47b7500,flight_obj:flig,0,1
1488,0,834258288,927,5,170a1,f47b7500,flight_obj:flig,0,1
1489,0,834259568,522,5,841,f47c1900,sensors_obj:sen,0,1
1490,0,834261131,467,5,170a1,f47c1900,sensors_obj:sen,0,1
1491,0,834261910,1121,5,41,f47c9500,tk1_i2c_obj:i2c,0,1
1492,0,834271226,673,5,33065,ffdf9100,idle_thread,0,1
1493,0,834272290,1279,0,46,f47ca100,tk1_i2c_obj:tk1,0,1
1494,0,834275755,577,5,191e1,f47ca100,tk1_i2c_obj:tk1,0,1
1495,0,834276722,443,5,65,ffdf9100,idle_thread,0,1
1496,0,834277533,665,0,46,f47ca100,tk1_i2c_obj:tk1,0,1
1497,0,834279885,916,5,63,f47ca100,tk1_i2c_obj:tk1,0,1
1498,0,834281504,455,5,191e1,f47ca100,tk1_i2c_obj:tk1,0,1
1499,0,834282348,666,5,65,f47c9500,tk1_i2c_obj:i2c,0,1
1500,0,834290068,447,5,33065,ffdf9100,idle_thread,0,1
1501,0,834290885,666,0,46,f47ca100,tk1_i2c_obj:tk1,0,1
1502,0,834294596,856,5,63,f47ca100,tk1_i2c_obj:tk1,0,1
1503,0,834296152,463,5,191e1,f47ca100,tk1_i2c_obj:tk1,0,1
1504,0,834297001,687,5,65,f47c9500,tk1_i2c_obj:i2c,0,1
1505,0,834298266,597,5,842,f47c1900,sensors_obj:sen,0,1
1506,0,834300346,1608,5,83,f47c1900,sensors_obj:sen,0,1
1507,0,834302225,751,5,45,f47b7500,flight_obj:flig,0,1
1508,0,834305764,1594,5,41,f47be100,motors_obj:moto,0,1
1509,0,834309429,827,5,170a1,f47be100,motors_obj:moto,0,1
1510,0,834310620,988,5,41,f47c9500,tk1_i2c_obj:i2c,0,1
1511,0,834319397,619,5,33065,ffdf9100,idle_thread,0,1
1512,0,834320425,1276,0,46,f47ca100,tk1_i2c_obj:tk1,0,1
1513,0,834323852,554,5,191e1,f47ca100,tk1_i2c_obj:tk1,0,1
1514,0,834324799,441,5,65,ffdf9100,idle_thread,0,1
1515,0,834325608,664,0,46,f47ca100,tk1_i2c_obj:tk1,0,1
1516,0,834327980,965,5,63,f47ca100,tk1_i2c_obj:tk1,0,1
1517,0,834329645,423,5,191e1,f47ca100,tk1_i2c_obj:tk1,0,1
1518,0,834330457,654,5,65,f47c9500,tk1_i2c_obj:i2c,0,1
1519,0,834331674,634,5,842,f47be100,motors_obj:moto,0,1
1520,0,834332809,1361,5,83,f47be100,motors_obj:moto,0,1
1521,0,834334442,735,5,45,f47b7500,flight_obj:flig,0,1
1522,0,834335765,1115,5,83,f47b7500,flight_obj:flig,0,1
1523,0,834337195,715,5,45,f47c2500,stabiliser_obj:,0,1
1524,0,834338821,258,1,84c,f47c2500,stabiliser_obj:,0,1
1525,0,834339382,466,5,45,ffdf9100,idle_thread,0,1
1526,0,834340351,870,0,1b,ffdf9100,idle_thread,0,1
1527,0,834341617,994,0,40,f47c8100,tk1_gpio_obj:ir,0,1
1528,0,834345071,374,5,191e1,f47c8100,tk1_gpio_obj:ir,0,1
1529,0,834345798,504,5,65,ffdf9100,idle_thread,0,1
1530,0,834346718,1209,0,40,f47c8100,tk1_gpio_obj:ir,0,1
1531,0,834349140,345,5,191e1,f47c8100,tk1_gpio_obj:ir,0,1
1532,0,834349826,437,5,65,ffdf9100,idle_thread,0,1
1533,0,834350682,879,0,99,f47c4900,time_server_obj,0,1
1534,0,834352325,982,5,63,f47c4900,time_server_obj,0,1
1535,0,834354412,336,5,191e1,f47c4900,time_server_obj,0,1
1536,0,834355144,750,5,65,f47c0500,planner_obj:tim,0,1
1537,0,834356849,172,1,84c,f47c0500,planner_obj:tim,0,1
1538,0,834357355,1172,5,43,f47c0500,planner_obj:tim,0,1
1539,0,834358844,646,5,65,f47bf500,planner_obj:con,0,1
1540,0,834360106,160,1,84c,f47bf500,planner_obj:con,0,1
1541,0,834360565,448,5,45,ffdf9100,idle_thread,0,1
1542,0,834361535,1361,0,40,f47c8100,tk1_gpio_obj:ir,0,1
1543,0,834364664,394,5,191e1,f47c8100,tk1_gpio_obj:ir,0,1
1544,0,834365395,440,5,65,ffdf9100,idle_thread,0,1
1545,0,834366227,1209,0,40,f47c8100,tk1_gpio_obj:ir,0,1
1546,0,834368646,343,5,191e1,f47c8100,tk1_gpio_obj:ir,0,1
1547,0,834369330,457,5,65,ffdf9100,idle_thread,0,1
1548,0,834370203,641,0,40,f47c8100,tk1_gpio_obj:ir,0,1
1549,0,834372314,350,5,191e1,f47c8100,tk1_gpio_obj:ir,0,1
1550,0,834373005,437,5,65,ffdf9100,idle_thread,0,1
1551,0,834373858,641,0,40,f47c8100,tk1_gpio_obj:ir,0,1
1552,0,834375677,343,5,191e1,f47c8100,tk1_gpio_obj:ir,0,1
1553,0,834376361,437,5,65,ffdf9100,idle_thread,0,1
1554,0,834377214,641,0,40,f47c8100,tk1_gpio_obj:ir,0,1
1555,0,834379174,365,5,191e1,f47c8100,tk1_gpio_obj:ir,0,1
1556,0,834379880,437,5,65,ffdf9100,idle_thread,0,1
1557,0,834380734,641,0,40,f47c8100,tk1_gpio_obj:ir,0,1
1558,0,834382553,343,5,191e1,f47c8100,tk1_gpio_obj:ir,0,1
1559,0,834383237,437,5,65,ffdf9100,idle_thread,0,1
1560,0,834384090,161,0,1b,ffdf9100,idle_thread,0,1
1561,0,834384661,665,0,40,f47c8100,tk1_gpio_obj:ir,0,1
