0,0,178956524,468,1,204,e05e0900,ulscheduler,0,0
1,0,178960172,2155,5,42,f7fee500,task 1,0,0
2,1,201188271,378,0,1b,ff106100,idle_thread,0,0
3,1,226087424,363,0,1b,ff106100,idle_thread,0,0
4,1,250986576,358,0,1b,ff106100,idle_thread,0,0
5,1,275885728,363,0,1b,ff106100,idle_thread,0,0
6,1,300784880,358,0,1b,ff106100,idle_thread,0,0
7,1,325684032,363,0,1b,ff106100,idle_thread,0,0
8,1,350583184,358,0,1b,ff106100,idle_thread,0,0
9,1,375482336,363,0,1b,ff106100,idle_thread,0,0
10,1,400381488,358,0,1b,ff106100,idle_thread,0,0
11,1,425280640,363,0,1b,ff106100,idle_thread,0,0
12,0,427961012,3516,0,1b,e05e0900,ulscheduler,5,0
13,0,427966720,1898,5,42,f7fee100,task 0,0,0
14,1,450179826,356,0,1b,ff106100,idle_thread,0,0
15,1,475078979,358,0,1b,ff106100,idle_thread,0,0
16,1,499978131,363,0,1b,ff106100,idle_thread,0,0
17,1,524877283,358,0,1b,ff106100,idle_thread,0,0
18,0,527559593,1988,0,59,e05e0900,ulscheduler,0,0
19,0,527562591,672,5,69e1,e05e0900,ulscheduler,0,0
20,0,527564291,1927,5,42,f7fee500,task 1,0,0
21,1,549776469,361,0,1b,ff106100,idle_thread,0,0
22,1,574675622,363,0,1b,ff106100,idle_thread,0,0
23,1,599574774,358,0,1b,ff106100,idle_thread,0,0
24,1,624473926,363,0,1b,ff106100,idle_thread,0,0
25,1,649373078,358,0,1b,ff106100,idle_thread,0,0
26,1,674272230,363,0,1b,ff106100,idle_thread,0,0
27,1,699171382,358,0,1b,ff106100,idle_thread,0,0
28,1,724070534,363,0,1b,ff106100,idle_thread,0,0
29,1,748969686,358,0,1b,ff106100,idle_thread,0,0
30,1,773868838,363,0,1b,ff106100,idle_thread,0,0
31,0,776563633,1439,0,1b,e05e0900,ulscheduler,5,0
32,0,776566828,1701,5,8ce1,e05e0900,ulscheduler,0,0
33,0,776568667,932,5,47,f7fee100,task 0,0,0
34,1,798768024,356,0,1b,ff106100,idle_thread,0,0
35,1,823667177,358,0,1b,ff106100,idle_thread,0,0
36,1,848566329,363,0,1b,ff106100,idle_thread,0,0
37,1,873465481,358,0,1b,ff106100,idle_thread,0,0
38,0,876164649,978,0,59,e05e0900,ulscheduler,0,0
39,0,876166223,528,5,69e1,e05e0900,ulscheduler,0,0
40,0,876168267,1339,5,8ce1,e05e0900,ulscheduler,0,0
41,0,876169744,876,5,47,f7fee100,task 0,0,0
42,1,898364667,361,0,1b,ff106100,idle_thread,0,0
43,0,901080307,1129,0,1b,e05e0900,ulscheduler,5,0
44,0,901083062,1254,5,42,f7fee500,task 1,0,0
45,1,923263851,361,0,1b,ff106100,idle_thread,0,0
46,1,948163004,363,0,1b,ff106100,idle_thread,0,0
47,1,973062156,358,0,1b,ff106100,idle_thread,0,0
48,1,997961308,363,0,1b,ff106100,idle_thread,0,0
49,1,1022860460,358,0,1b,ff106100,idle_thread,0,0
50,1,1047759612,363,0,1b,ff106100,idle_thread,0,0
51,1,1072658764,358,0,1b,ff106100,idle_thread,0,0
52,1,1097557916,363,0,1b,ff106100,idle_thread,0,0
53,1,1122457068,358,0,1b,ff106100,idle_thread,0,0
54,1,1147356220,363,0,1b,ff106100,idle_thread,0,0
55,0,1150082402,1041,0,1b,e05e0900,ulscheduler,5,0
56,0,1150085086,885,5,49,f7fc2900,ulsched idle,0,0
57,1,1172255406,356,0,1b,ff106100,idle_thread,0,0
58,0,1174959059,1050,0,59,e05e0900,ulscheduler,0,0
59,0,1174960741,518,5,69e1,e05e0900,ulscheduler,0,0
60,0,1174963389,1238,5,42,f7fee100,task 0,0,0
61,1,1197154590,356,0,1b,ff106100,idle_thread,0,0
62,1,1222053743,358,0,1b,ff106100,idle_thread,0,0
63,0,1224769214,779,0,59,e05e0900,ulscheduler,0,0
64,0,1224770574,423,5,69e1,e05e0900,ulscheduler,0,0
65,0,1224771967,1062,5,42,f7fee500,task 1,0,0
66,1,1246952929,361,0,1b,ff106100,idle_thread,0,0
67,1,1271852082,363,0,1b,ff106100,idle_thread,0,0
68,1,1296751234,358,0,1b,ff106100,idle_thread,0,0
69,1,1321650386,363,0,1b,ff106100,idle_thread,0,0
70,1,1346549538,358,0,1b,ff106100,idle_thread,0,0
71,1,1371448690,363,0,1b,ff106100,idle_thread,0,0
72,1,1396347842,358,0,1b,ff106100,idle_thread,0,0
73,1,1421246994,363,0,1b,ff106100,idle_thread,0,0
74,1,1446146146,363,0,1b,ff106100,idle_thread,0,0
75,1,1471045298,358,0,1b,ff106100,idle_thread,0,0
76,0,1473771271,1114,0,1b,e05e0900,ulscheduler,5,0
77,0,1473774019,727,5,8ce1,e05e0900,ulscheduler,0,0
78,0,1473775172,851,5,47,f7fee100,task 0,0,0
79,1,1495944484,361,0,1b,ff106100,idle_thread,0,0
80,1,1520843637,363,0,1b,ff106100,idle_thread,0,0
81,1,1545742789,358,0,1b,ff106100,idle_thread,0,0
82,1,1570641941,363,0,1b,ff106100,idle_thread,0,0
83,0,1573371875,753,0,59,e05e0900,ulscheduler,0,0
84,0,1573373213,445,5,69e1,e05e0900,ulscheduler,0,0
85,0,1573374598,1550,5,42,f7fee500,task 1,0,0
86,1,1595541127,356,0,1b,ff106100,idle_thread,0,0
87,1,1620440280,358,0,1b,ff106100,idle_thread,0,0
88,1,1645339432,363,0,1b,ff106100,idle_thread,0,0
89,1,1670238584,358,0,1b,ff106100,idle_thread,0,0
90,1,1695137736,363,0,1b,ff106100,idle_thread,0,0
91,1,1720036888,358,0,1b,ff106100,idle_thread,0,0
92,1,1744936040,363,0,1b,ff106100,idle_thread,0,0
93,1,1769835192,358,0,1b,ff106100,idle_thread,0,0
94,1,1794734344,363,0,1b,ff106100,idle_thread,0,0
95,1,1819633496,358,0,1b,ff106100,idle_thread,0,0
96,0,1822373916,1110,0,1b,e05e0900,ulscheduler,5,0
97,0,1822376634,739,5,8ce1,e05e0900,ulscheduler,0,0
98,0,1822377976,900,5,47,f7fee100,task 0,0,0
99,1,1844532682,361,0,1b,ff106100,idle_thread,0,0
100,1,1869431835,363,0,1b,ff106100,idle_thread,0,0
101,1,1894330987,358,0,1b,ff106100,idle_thread,0,0
102,0,1897074776,1059,0,1b,e05e0900,ulscheduler,5,0
