0,0,182405310,475,1,204,e05df900,ulscheduler,0,0
1,0,182408014,766,5,79e1,e05df900,ulscheduler,0,0
2,0,182408966,1869,5,42,f7fee500,task 1,0,0
3,1,201863791,366,0,1b,ff106100,idle_thread,0,0
4,1,226762944,363,0,1b,ff106100,idle_thread,0,0
5,1,251662096,358,0,1b,ff106100,idle_thread,0,0
6,1,276561248,363,0,1b,ff106100,idle_thread,0,0
7,1,301460400,358,0,1b,ff106100,idle_thread,0,0
8,1,326359552,363,0,1b,ff106100,idle_thread,0,0
9,1,351258704,358,0,1b,ff106100,idle_thread,0,0
10,1,376157856,363,0,1b,ff106100,idle_thread,0,0
11,1,401057008,358,0,1b,ff106100,idle_thread,0,0
12,1,425956160,363,0,1b,ff106100,idle_thread,0,0
13,0,431410048,3700,0,1b,e05df900,ulscheduler,5,0
14,0,431414283,765,5,79e1,e05df900,ulscheduler,0,0
15,0,431415204,1163,5,42,f7fee100,task 0,0,0
16,1,450855346,356,0,1b,ff106100,idle_thread,0,0
17,1,475754499,358,0,1b,ff106100,idle_thread,0,0
18,1,500653651,363,0,1b,ff106100,idle_thread,0,0
19,1,525552803,358,0,1b,ff106100,idle_thread,0,0
20,0,531014530,1124,0,1b,e05df900,ulscheduler,5,0
21,0,531016216,737,5,79e1,e05df900,ulscheduler,0,0
22,0,531017590,1353,5,42,f7fee500,task 1,0,0
23,1,550451989,361,0,1b,ff106100,idle_thread,0,0
24,1,575351142,363,0,1b,ff106100,idle_thread,0,0
25,1,600250294,358,0,1b,ff106100,idle_thread,0,0
26,1,625149446,363,0,1b,ff106100,idle_thread,0,0
27,1,650048598,358,0,1b,ff106100,idle_thread,0,0
28,1,674947750,363,0,1b,ff106100,idle_thread,0,0
29,1,699846902,358,0,1b,ff106100,idle_thread,0,0
30,1,724746054,363,0,1b,ff106100,idle_thread,0,0
31,1,749645206,358,0,1b,ff106100,idle_thread,0,0
32,1,774544358,363,0,1b,ff106100,idle_thread,0,0
33,0,780016925,1186,0,1b,e05df900,ulscheduler,5,0
34,0,780018549,723,5,79e1,e05df900,ulscheduler,0,0
35,0,780019439,1146,5,42,f7fee100,task 0,0,0
36,1,799443544,356,0,1b,ff106100,idle_thread,0,0
37,1,824342697,358,0,1b,ff106100,idle_thread,0,0
38,1,849241849,363,0,1b,ff106100,idle_thread,0,0
39,1,874141001,358,0,1b,ff106100,idle_thread,0,0
40,0,879618752,985,0,1b,e05df900,ulscheduler,5,0
41,0,879620289,1101,5,79e1,e05df900,ulscheduler,0,0
42,0,879621553,1140,5,42,f7fee100,task 0,0,0
43,1,899040187,361,0,1b,ff106100,idle_thread,0,0
44,0,904520882,975,0,1b,e05df900,ulscheduler,5,0
45,0,904522289,670,5,79e1,e05df900,ulscheduler,0,0
46,0,904523112,1037,5,42,f7fee500,task 1,0,0
47,1,923939371,361,0,1b,ff106100,idle_thread,0,0
48,1,948838524,363,0,1b,ff106100,idle_thread,0,0
49,1,973737676,358,0,1b,ff106100,idle_thread,0,0
50,1,998636828,363,0,1b,ff106100,idle_thread,0,0
51,1,1023535980,358,0,1b,ff106100,idle_thread,0,0
52,1,1048435132,363,0,1b,ff106100,idle_thread,0,0
53,1,1073334284,358,0,1b,ff106100,idle_thread,0,0
54,1,1098233436,363,0,1b,ff106100,idle_thread,0,0
55,1,1123132588,358,0,1b,ff106100,idle_thread,0,0
56,1,1148031740,363,0,1b,ff106100,idle_thread,0,0
57,0,1153522452,950,0,1b,e05df900,ulscheduler,5,0
58,0,1153523935,751,5,79e1,e05df900,ulscheduler,0,0
59,0,1153524836,1109,5,42,f7fee900,task 2,0,0
60,1,1172930926,356,0,1b,ff106100,idle_thread,0,0
61,0,1178424156,941,0,1b,e05df900,ulscheduler,5,0
62,0,1178425645,678,5,79e1,e05df900,ulscheduler,0,0
63,0,1178426475,1042,5,42,f7fee100,task 0,0,0
64,1,1197830110,356,0,1b,ff106100,idle_thread,0,0
65,1,1222729263,358,0,1b,ff106100,idle_thread,0,0
66,0,1228225782,991,0,1b,e05df900,ulscheduler,5,0
67,0,1228227279,675,5,79e1,e05df900,ulscheduler,0,0
68,0,1228228106,1044,5,42,f7fee500,task 1,0,0
69,1,1247628449,361,0,1b,ff106100,idle_thread,0,0
70,1,1272527602,363,0,1b,ff106100,idle_thread,0,0
71,1,1297426754,358,0,1b,ff106100,idle_thread,0,0
72,1,1322325906,363,0,1b,ff106100,idle_thread,0,0
73,1,1347225058,358,0,1b,ff106100,idle_thread,0,0
74,1,1372124210,358,0,1b,ff106100,idle_thread,0,0
75,1,1397023362,363,0,1b,ff106100,idle_thread,0,0
76,1,1421922514,358,0,1b,ff106100,idle_thread,0,0
77,1,1446821666,363,0,1b,ff106100,idle_thread,0,0
78,1,1471720818,358,0,1b,ff106100,idle_thread,0,0
79,0,1477227419,994,0,1b,e05df900,ulscheduler,5,0
80,0,1477228821,636,5,79e1,e05df900,ulscheduler,0,0
81,0,1477229613,1005,5,42,f7fee100,task 0,0,0
82,1,1496620004,361,0,1b,ff106100,idle_thread,0,0
83,1,1521519157,363,0,1b,ff106100,idle_thread,0,0
84,1,1546418309,358,0,1b,ff106100,idle_thread,0,0
85,1,1571317461,363,0,1b,ff106100,idle_thread,0,0
86,0,1576828916,1021,0,1b,e05df900,ulscheduler,5,0
87,0,1576830385,669,5,79e1,e05df900,ulscheduler,0,0
88,0,1576831210,1057,5,42,f7fee500,task 1,0,0
89,1,1596216647,356,0,1b,ff106100,idle_thread,0,0
90,1,1621115800,358,0,1b,ff106100,idle_thread,0,0
91,1,1646014952,363,0,1b,ff106100,idle_thread,0,0
92,1,1670914104,358,0,1b,ff106100,idle_thread,0,0
93,1,1695813256,363,0,1b,ff106100,idle_thread,0,0
94,1,1720712408,358,0,1b,ff106100,idle_thread,0,0
95,1,1745611560,363,0,1b,ff106100,idle_thread,0,0
96,1,1770510712,358,0,1b,ff106100,idle_thread,0,0
97,1,1795409864,363,0,1b,ff106100,idle_thread,0,0
98,1,1820309016,358,0,1b,ff106100,idle_thread,0,0
99,0,1825830524,1030,0,1b,e05df900,ulscheduler,5,0
100,0,1825831944,1011,5,79e1,e05df900,ulscheduler,0,0
101,0,1825833104,1056,5,42,f7fee100,task 0,0,0
102,1,1845208202,361,0,1b,ff106100,idle_thread,0,0
103,1,1870107355,363,0,1b,ff106100,idle_thread,0,0
104,1,1895006507,358,0,1b,ff106100,idle_thread,0,0
105,0,1900532430,953,0,1b,e05df900,ulscheduler,5,0
106,0,1900533823,633,5,79e1,e05df900,ulscheduler,0,0
107,0,1900534610,1069,5,42,f7fee900,task 2,0,0
108,1,1919905693,361,0,1b,ff106100,idle_thread,0,0
109,0,1925433938,979,0,1b,e05df900,ulscheduler,5,0
110,0,1925435432,670,5,79e1,e05df900,ulscheduler,0,0
111,0,1925436247,1065,5,42,f7fee500,task 1,0,0
112,1,1944804877,361,0,1b,ff106100,idle_thread,0,0
113,1,1969704030,363,0,1b,ff106100,idle_thread,0,0
114,1,1994603182,358,0,1b,ff106100,idle_thread,0,0
115,1,2019502334,363,0,1b,ff106100,idle_thread,0,0
116,1,2044401486,358,0,1b,ff106100,idle_thread,0,0
117,1,2069300638,363,0,1b,ff106100,idle_thread,0,0
118,1,2094199790,358,0,1b,ff106100,idle_thread,0,0
119,1,2119098942,363,0,1b,ff106100,idle_thread,0,0
120,1,2143998094,358,0,1b,ff106100,idle_thread,0,0
121,1,2168897246,363,0,1b,ff106100,idle_thread,0,0
122,0,2174435568,1038,0,1b,e05df900,ulscheduler,5,0
123,0,2174437245,685,5,79e1,e05df900,ulscheduler,0,0
124,0,2174438090,1040,5,42,f7fee100,task 0,0,0
125,1,2193796432,356,0,1b,ff106100,idle_thread,0,0
126,1,2218695585,358,0,1b,ff106100,idle_thread,0,0
127,1,2243594737,363,0,1b,ff106100,idle_thread,0,0
128,1,2268493889,358,0,1b,ff106100,idle_thread,0,0
129,0,2274037391,997,0,1b,e05df900,ulscheduler,5,0
130,0,2274038869,686,5,79e1,e05df900,ulscheduler,0,0
131,0,2274039705,1045,5,42,f7fee500,task 1,0,0
132,1,2293393075,361,0,1b,ff106100,idle_thread,0,0
133,1,2318292228,363,0,1b,ff106100,idle_thread,0,0
134,1,2343191380,358,0,1b,ff106100,idle_thread,0,0
135,1,2368090532,363,0,1b,ff106100,idle_thread,0,0
136,1,2392989684,358,0,1b,ff106100,idle_thread,0,0
137,1,2417888836,363,0,1b,ff106100,idle_thread,0,0
138,1,2442787988,358,0,1b,ff106100,idle_thread,0,0
139,1,2467687140,363,0,1b,ff106100,idle_thread,0,0
140,1,2492586292,358,0,1b,ff106100,idle_thread,0,0
141,1,2517485444,363,0,1b,ff106100,idle_thread,0,0
142,0,2523039026,1015,0,1b,e05df900,ulscheduler,5,0
143,0,2523040454,668,5,79e1,e05df900,ulscheduler,0,0
144,0,2523041267,1050,5,42,f7fee100,task 0,0,0
145,1,2542384630,356,0,1b,ff106100,idle_thread,0,0
146,1,2567283783,358,0,1b,ff106100,idle_thread,0,0
147,1,2592182935,358,0,1b,ff106100,idle_thread,0,0
148,1,2617082087,363,0,1b,ff106100,idle_thread,0,0
149,0,2622640575,997,0,1b,e05df900,ulscheduler,5,0
150,0,2622642082,638,5,79e1,e05df900,ulscheduler,0,0
151,0,2622642872,1051,5,42,f7fee500,task 1,0,0
152,1,2641981273,356,0,1b,ff106100,idle_thread,0,0
153,1,2666880426,358,0,1b,ff106100,idle_thread,0,0
154,1,2691779578,363,0,1b,ff106100,idle_thread,0,0
155,1,2716678730,358,0,1b,ff106100,idle_thread,0,0
156,1,2741577882,363,0,1b,ff106100,idle_thread,0,0
157,1,2766477034,358,0,1b,ff106100,idle_thread,0,0
158,1,2791376186,363,0,1b,ff106100,idle_thread,0,0
159,1,2816275338,358,0,1b,ff106100,idle_thread,0,0
160,1,2841174490,363,0,1b,ff106100,idle_thread,0,0
161,1,2866073642,358,0,1b,ff106100,idle_thread,0,0
162,0,2871642202,1010,0,1b,e05df900,ulscheduler,5,0
163,0,2871643583,666,5,79e1,e05df900,ulscheduler,0,0
164,0,2871644389,1068,5,42,f7fee100,task 0,0,0
165,1,2890972828,361,0,1b,ff106100,idle_thread,0,0
166,0,2896543717,964,0,1b,e05df900,ulscheduler,5,0
167,0,2896545148,689,5,79e1,e05df900,ulscheduler,0,0
168,0,2896545991,1012,5,42,f7fee900,task 2,0,0
169,1,2915872012,361,0,1b,ff106100,idle_thread,0,0
170,1,2940771165,363,0,1b,ff106100,idle_thread,0,0
171,1,2965670317,358,0,1b,ff106100,idle_thread,0,0
172,0,2971245309,955,0,1b,e05df900,ulscheduler,5,0
173,0,2971246759,692,5,79e1,e05df900,ulscheduler,0,0
174,0,2971247605,1038,5,42,f7fee500,task 1,0,0
175,1,2990569503,361,0,1b,ff106100,idle_thread,0,0
176,1,3015468656,363,0,1b,ff106100,idle_thread,0,0
177,1,3040367808,358,0,1b,ff106100,idle_thread,0,0
178,1,3065266960,363,0,1b,ff106100,idle_thread,0,0
179,1,3090166112,358,0,1b,ff106100,idle_thread,0,0
180,1,3115065264,363,0,1b,ff106100,idle_thread,0,0
181,1,3139964416,358,0,1b,ff106100,idle_thread,0,0
182,1,3164863568,363,0,1b,ff106100,idle_thread,0,0
183,0,3170446927,1010,0,1b,e05df900,ulscheduler,5,0
184,0,3170448429,700,5,79e1,e05df900,ulscheduler,0,0
185,0,3170449283,1038,5,42,f7fee500,task 1,0,0
186,1,3189762754,356,0,1b,ff106100,idle_thread,0,0
187,1,3214661907,358,0,1b,ff106100,idle_thread,0,0
188,0,3220248586,976,0,1b,e05df900,ulscheduler,5,0
189,0,3220249963,671,5,79e1,e05df900,ulscheduler,0,0
190,0,3220251271,1071,5,42,f7fee100,task 0,0,0
191,1,3239561093,361,0,1b,ff106100,idle_thread,0,0
192,1,3264460246,363,0,1b,ff106100,idle_thread,0,0
193,1,3289359398,358,0,1b,ff106100,idle_thread,0,0
194,1,3314258550,363,0,1b,ff106100,idle_thread,0,0
195,0,3319850584,975,0,1b,e05df900,ulscheduler,5,0
