0,0,229556865,226,1,804,ffd3ce00,ulscheduler,0,0
1,0,229557427,1380,5,65,ffd3ce00,ulscheduler,0,0
2,0,229559064,1131,5,69,f7fc2200,ulsched C0,0,0
3,0,229577895,1182,5,1e5e1,f7fc2200,ulsched C0,0,0
4,0,229579604,1405,5,1f4e1,f7fc2200,ulsched C0,0,0
5,0,229581803,1230,5,234e1,f7fc2200,ulsched C0,0,0
6,0,229583657,642,5,1e5e1,f7fc2200,ulsched C0,0,0
7,0,229584727,935,5,1f4e1,f7fc2200,ulsched C0,0,0
8,1,229585691,754,0,1,f7fc2a00,C0T1,0,0
9,1,229586947,526,0,0,ff106200,idle_thread,0,0
10,0,229586947,920,0,0,f7fc2200,ulsched C0,0,0
11,1,229587877,550,0,1,f7fc2a00,C0T1,0,0
12,0,229590577,1117,5,47,f7fc2e00,C0T2,0,0
13,1,230539277,358,1,82c,f7fc2a00,C0T1,0,41
14,1,230540198,1026,5,f0041,ff106200,idle_thread,0,41
15,0,230541252,952,0,1,f7fc2200,ulsched C0,0,41
16,0,230546527,272,1,84f,f7fc2200,ulsched C0,0,273
17,0,230548613,834,5,204e1,f7fc2200,ulsched C0,0,273
18,0,230550241,868,5,1f4e1,f7fc2200,ulsched C0,0,273
19,1,230551118,724,0,1,f7fc3e00,MC-Sq-0,0,273
20,1,230553161,196,1,84f,f7fc3e00,MC-Sq-0,0,273
21,0,230555821,1116,5,47,f7fc2e00,C0T2,0,273
22,0,230558317,24827,1,82c,f7fc2e00,C0T2,0,41
23,0,230583663,1541,5,f0041,f7fc2200,ulsched C0,0,41
24,0,230593731,935,5,204e1,f7fc2200,ulsched C0,0,41
25,0,230595398,873,5,1e5e1,f7fc2200,ulsched C0,0,41
26,0,230596760,1351,5,1f4e1,f7fc2200,ulsched C0,0,41
27,0,230598503,827,5,234e1,f7fc2200,ulsched C0,0,41
28,0,230600770,1080,5,47,f7fc3200,C0T3,0,41
29,1,231505876,324,1,82c,f7fc3e00,MC-Sq-0,0,44
30,1,231507366,1081,5,f3041,ff106200,idle_thread,0,44
31,0,231508473,884,0,1,f7fc2200,ulsched C0,0,44
32,0,231512916,253,1,84f,f7fc2200,ulsched C0,0,273
33,0,231513641,36008,1,82c,f7fc2200,ulsched C0,0,43
34,0,231550624,975,5,f2085,f7fc2200,ulsched C0,0,43
35,0,231552219,636,5,204e1,f7fc2200,ulsched C0,0,43
36,0,231553457,909,5,1f4e1,f7fc2200,ulsched C0,0,43
37,1,231554386,1158,0,1,f7fc2a00,C0T1,0,43
38,0,231555566,37314,1,82c,f7fc2200,ulsched C0,0,45
39,0,231593741,604,5,f4085,f7fc2200,ulsched C0,0,45
40,0,231598719,1217,5,47,f7fc3200,C0T3,0,45
41,0,231644701,277,1,82c,f7fc3200,C0T3,0,41
42,0,231645507,1474,5,f0041,f7fc2200,ulsched C0,0,41
43,0,231648785,733,5,204e1,f7fc2200,ulsched C0,0,41
44,0,231650011,1206,5,1f4e1,f7fc2200,ulsched C0,0,41
45,0,231654860,1200,5,47,f7fc3e00,MC-Sq-0,0,41
46,0,231657278,197,1,84f,f7fc3e00,MC-Sq-0,0,273
47,1,232506580,261,1,82c,f7fc2a00,C0T1,0,41
48,1,232507419,1001,5,f0041,ff106200,idle_thread,0,41
49,0,232508442,996,0,1,f7fc2200,ulsched C0,0,41
50,0,232518160,976,5,204e1,f7fc2200,ulsched C0,0,41
51,0,232519770,878,5,1e5e1,f7fc2200,ulsched C0,0,41
52,0,232521131,1436,5,1f4e1,f7fc2200,ulsched C0,0,41
53,1,232522584,777,0,1,f7fc2600,C0T0,0,41
54,1,232523806,308,0,0,ff106200,idle_thread,0,41
55,0,232523806,809,0,0,f7fc2200,ulsched C0,0,41
56,1,232524634,496,0,1,f7fc2600,C0T0,0,41
57,0,232526114,1677,5,47,f7fc3e00,MC-Sq-0,0,41
58,0,232628017,297,1,82c,f7fc3e00,MC-Sq-0,0,44
59,0,232628924,1422,5,f3041,f7fc2200,ulsched C0,0,44
60,0,232633853,202,1,84f,f7fc2200,ulsched C0,0,273
61,0,232634565,37205,1,82c,f7fc2200,ulsched C0,0,43
62,0,232672371,818,5,f2085,f7fc2200,ulsched C0,0,43
63,0,232676080,38970,1,82c,f7fc2200,ulsched C0,0,45
64,0,232715427,1256,5,f4085,f7fc2200,ulsched C0,0,45
65,1,232720360,299,0,0,ff106200,idle_thread,0,45
66,0,232720360,1260,0,0,f7fc2200,ulsched C0,0,45
67,1,232721631,505,0,1,ff106200,idle_thread,0,45
68,0,232722349,862,5,1e5e1,f7fc2200,ulsched C0,0,45
69,0,232723678,864,5,1f4e1,f7fc2200,ulsched C0,0,45
70,1,232724575,720,0,1,f7fc2e00,C0T2,0,45
71,1,232725774,309,0,0,ff106200,idle_thread,0,45
72,0,232725774,700,0,0,f7fc2200,ulsched C0,0,45
73,1,232726507,472,0,1,f7fc2e00,C0T2,0,45
74,0,232727927,1167,5,47,f7fc3e00,MC-Sq-0,0,45
75,0,232729869,204,1,84f,f7fc3e00,MC-Sq-0,0,273
76,1,233677227,250,1,82c,f7fc2e00,C0T2,0,41
77,1,233677844,928,5,f0041,ff106200,idle_thread,0,41
78,0,233678798,968,0,1,f7fc2200,ulsched C0,0,41
79,0,233686862,937,5,204e1,f7fc2200,ulsched C0,0,41
80,0,233688424,810,5,1e5e1,f7fc2200,ulsched C0,0,41
81,0,233689623,876,5,1f4e1,f7fc2200,ulsched C0,0,41
82,1,233690525,663,0,1,f7fc2600,C0T0,0,41
83,1,233691655,283,0,0,ff106200,idle_thread,0,41
84,0,233691655,740,0,0,f7fc2200,ulsched C0,0,41
85,1,233692404,480,0,1,f7fc2600,C0T0,0,41
86,0,233693811,1163,5,47,f7fc3e00,MC-Sq-0,0,41
87,0,233697427,23644,1,82c,f7fc3e00,MC-Sq-0,0,44
88,0,233721635,1489,5,f3041,f7fc2200,ulsched C0,0,44
89,0,233725023,208,1,84f,f7fc2200,ulsched C0,0,273
90,0,233725645,38710,1,82c,f7fc2200,ulsched C0,0,43
91,0,233764852,835,5,f2085,f7fc2200,ulsched C0,0,43
92,0,233766269,647,5,204e1,f7fc2200,ulsched C0,0,43
93,0,233767364,1223,5,1f4e1,f7fc2200,ulsched C0,0,43
94,0,233769024,38587,1,82c,f7fc2200,ulsched C0,0,45
95,0,233808060,661,5,f4085,f7fc2200,ulsched C0,0,45
96,1,233815450,273,0,0,ff106200,idle_thread,0,45
97,0,233815450,830,0,0,f7fc2200,ulsched C0,0,45
98,1,233816293,493,0,1,ff106200,idle_thread,0,45
99,0,233816872,898,5,1e5e1,f7fc2200,ulsched C0,0,45
100,0,233818328,840,5,1f4e1,f7fc2200,ulsched C0,0,45
101,1,233819193,652,0,1,f7fc3e00,MC-Sq-0,0,45
102,1,233820306,321,0,0,ff106200,idle_thread,0,45
103,0,233820306,735,0,0,f7fc2200,ulsched C0,0,45
104,1,233821063,478,0,1,f7fc3e00,MC-Sq-0,0,45
105,1,233821922,184,1,84f,f7fc3e00,MC-Sq-0,0,273
106,0,233822454,1138,5,47,f7fc3200,C0T3,0,273
107,0,234403400,2175,0,59,f7fc2200,ulsched C0,0,273
108,0,234408930,619,5,1a1e1,f7fc2200,ulsched C0,0,273
109,1,234418093,308,0,0,ff106200,idle_thread,0,273
110,0,234418093,826,0,0,f7fc2200,ulsched C0,0,273
111,1,234418928,486,0,1,ff106200,idle_thread,0,273
112,0,234419612,874,5,1e5e1,f7fc2200,ulsched C0,0,273
113,0,234420964,916,5,1f4e1,f7fc2200,ulsched C0,0,273
114,1,234421912,697,0,1,f7fc3e00,MC-Sq-0,0,273
115,1,234423092,287,0,0,ff106200,idle_thread,0,273
116,0,234423092,686,0,0,f7fc2200,ulsched C0,0,273
117,1,234423809,477,0,1,f7fc3e00,MC-Sq-0,0,273
118,0,234425305,1669,5,47,f7fc3200,C0T3,0,273
119,1,234778820,250,1,82c,f7fc3e00,MC-Sq-0,0,44
120,1,234779516,1045,5,f3041,ff106200,idle_thread,0,44
121,0,234780590,856,0,1,f7fc2200,ulsched C0,0,44
122,0,234782730,261,1,84f,f7fc2200,ulsched C0,0,273
123,0,234783356,39261,1,82c,f7fc2200,ulsched C0,0,43
124,0,234823146,798,5,f2085,f7fc2200,ulsched C0,0,43
125,0,234824489,41408,1,82c,f7fc2200,ulsched C0,0,45
126,0,234866499,827,5,f4085,f7fc2200,ulsched C0,0,45
127,1,234867349,675,0,1,f7fc3e00,MC-Sq-0,0,45
128,1,234868538,147,1,84f,f7fc3e00,MC-Sq-0,0,273
129,0,234871609,1162,5,47,f7fc3200,C0T3,0,273
130,0,234891626,17674,1,82c,f7fc3200,C0T3,0,41
131,0,234909827,1466,5,f0041,f7fc2200,ulsched C0,0,41
132,0,234918983,910,5,204e1,f7fc2200,ulsched C0,0,41
133,0,234920489,870,5,1e5e1,f7fc2200,ulsched C0,0,41
134,0,234921812,1341,5,1f4e1,f7fc2200,ulsched C0,0,41
135,0,234923593,787,5,234e1,f7fc2200,ulsched C0,0,41
136,0,234925867,1074,5,47,f7fc2600,C0T0,0,41
137,0,235559613,294,1,82c,f7fc2600,C0T0,0,41
138,0,235560453,1385,5,f0041,f7fc2200,ulsched C0,0,41
139,0,235569561,868,5,204e1,f7fc2200,ulsched C0,0,41
140,0,235571005,838,5,1e5e1,f7fc2200,ulsched C0,0,41
141,0,235572252,1354,5,1f4e1,f7fc2200,ulsched C0,0,41
142,0,235573981,717,5,234e1,f7fc2200,ulsched C0,0,41
143,0,235576158,1130,5,47,f7fc3600,IDLE0,0,41
144,1,235819230,245,1,82c,f7fc3e00,MC-Sq-0,0,44
145,1,235820050,1004,5,f3041,ff106200,idle_thread,0,44
146,0,235821083,877,0,1,f7fc2200,ulsched C0,0,44
147,0,235823974,249,1,84f,f7fc2200,ulsched C0,0,273
148,0,235824610,38311,1,82c,f7fc2200,ulsched C0,0,43
149,0,235863431,861,5,f2085,f7fc2200,ulsched C0,0,43
150,0,235864853,718,5,204e1,f7fc2200,ulsched C0,0,43
151,0,235866021,916,5,1f4e1,f7fc2200,ulsched C0,0,43
152,1,235866956,760,0,1,f7fc2e00,C0T2,0,43
153,0,235867743,38599,1,82c,f7fc2200,ulsched C0,0,45
154,0,235906986,637,5,f4085,f7fc2200,ulsched C0,0,45
155,0,235914062,836,5,204e1,f7fc2200,ulsched C0,0,45
156,0,235915403,812,5,1e5e1,f7fc2200,ulsched C0,0,45
157,0,235916699,1281,5,1f4e1,f7fc2200,ulsched C0,0,45
158,0,235918421,706,5,234e1,f7fc2200,ulsched C0,0,45
159,0,235920612,1147,5,47,f7fc3e00,MC-Sq-0,0,45
160,0,235922559,214,1,84f,f7fc3e00,MC-Sq-0,0,273
161,1,236818278,246,1,82c,f7fc2e00,C0T2,0,41
162,1,236818890,944,5,f0041,ff106200,idle_thread,0,41
163,0,236819853,968,0,1,f7fc2200,ulsched C0,0,41
164,0,236828048,954,5,204e1,f7fc2200,ulsched C0,0,41
165,0,236829594,826,5,1e5e1,f7fc2200,ulsched C0,0,41
166,0,236830829,951,5,1f4e1,f7fc2200,ulsched C0,0,41
167,1,236831812,727,0,1,f7fc3600,IDLE0,0,41
168,1,236833024,319,0,0,ff106200,idle_thread,0,41
169,0,236833024,763,0,0,f7fc2200,ulsched C0,0,41
170,1,236833796,469,0,1,f7fc3600,IDLE0,0,41
171,0,236835191,1155,5,47,f7fc3e00,MC-Sq-0,0,41
172,0,236890415,299,1,82c,f7fc3e00,MC-Sq-0,0,44
173,0,236891353,1442,5,f3041,f7fc2200,ulsched C0,0,44
174,0,236894690,220,1,84f,f7fc2200,ulsched C0,0,273
175,0,236895306,38846,1,82c,f7fc2200,ulsched C0,0,43
176,0,236934654,741,5,f2085,f7fc2200,ulsched C0,0,43
177,0,236936031,653,5,204e1,f7fc2200,ulsched C0,0,43
178,0,236937334,1174,5,1f4e1,f7fc2200,ulsched C0,0,43
179,0,236938948,38569,1,82c,f7fc2200,ulsched C0,0,45
180,0,236977960,642,5,f4085,f7fc2200,ulsched C0,0,45
181,1,236985360,281,0,0,ff106200,idle_thread,0,45
182,0,236985360,757,0,0,f7fc2200,ulsched C0,0,45
183,1,236986317,488,0,1,ff106200,idle_thread,0,45
184,0,236986831,922,5,1e5e1,f7fc2200,ulsched C0,0,45
185,0,236988214,832,5,1f4e1,f7fc2200,ulsched C0,0,45
186,1,236989061,799,0,1,f7fc3e00,MC-Sq-0,0,45
187,1,236990373,311,0,0,ff106200,idle_thread,0,45
188,0,236990373,722,0,0,f7fc2200,ulsched C0,0,45
189,1,236991105,498,0,1,f7fc3e00,MC-Sq-0,0,45
190,1,236991826,164,1,84f,f7fc3e00,MC-Sq-0,0,273
191,0,236992619,1183,5,47,f7fc3200,C0T3,0,273
192,1,237942542,247,1,82c,f7fc3e00,MC-Sq-0,0,44
193,1,237943214,974,5,f3041,ff106200,idle_thread,0,44
194,0,237944214,912,0,1,f7fc2200,ulsched C0,0,44
195,0,237946568,222,1,84f,f7fc2200,ulsched C0,0,273
196,0,237947165,39095,1,82c,f7fc2200,ulsched C0,0,43
197,0,237986717,843,5,f2085,f7fc2200,ulsched C0,0,43
198,0,237988855,40618,1,82c,f7fc2200,ulsched C0,0,45
199,0,238029868,832,5,f4085,f7fc2200,ulsched C0,0,45
200,1,238030726,721,0,1,f7fc3e00,MC-Sq-0,0,45
201,1,238031913,151,1,84f,f7fc3e00,MC-Sq-0,0,273
202,0,238035071,1160,5,47,f7fc3200,C0T3,0,273
203,0,238037034,35840,1,82c,f7fc3200,C0T3,0,41
204,0,238073388,1420,5,f0041,f7fc2200,ulsched C0,0,41
205,0,238081614,918,5,204e1,f7fc2200,ulsched C0,0,41
206,0,238083138,874,5,1e5e1,f7fc2200,ulsched C0,0,41
207,0,238084453,1312,5,1f4e1,f7fc2200,ulsched C0,0,41
208,0,238086201,768,5,234e1,f7fc2200,ulsched C0,0,41
209,0,238088398,1099,5,47,f7fc2600,C0T0,0,41
210,1,238982548,238,1,82c,f7fc3e00,MC-Sq-0,0,44
211,1,238983196,984,5,f3041,ff106200,idle_thread,0,44
212,0,238984208,880,0,1,f7fc2200,ulsched C0,0,44
213,0,238986505,238,1,84f,f7fc2200,ulsched C0,0,273
214,0,238987115,39113,1,82c,f7fc2200,ulsched C0,0,43
215,0,239026740,836,5,f2085,f7fc2200,ulsched C0,0,43
216,0,239028160,671,5,204e1,f7fc2200,ulsched C0,0,43
217,0,239029267,871,5,1f4e1,f7fc2200,ulsched C0,0,43
218,1,239030169,738,0,1,f7fc2e00,C0T2,0,43
219,0,239030929,38749,1,82c,f7fc2200,ulsched C0,0,45
220,0,239070093,601,5,f4085,f7fc2200,ulsched C0,0,45
221,0,239076626,36275,1,82c,f7fc2200,ulsched C0,0,42
222,0,239113854,826,5,f1085,f7fc2200,ulsched C0,0,42
223,0,239119498,1263,5,47,f7fc2600,C0T0,0,42
224,0,239177689,293,1,82c,f7fc2600,C0T0,0,41
225,0,239178490,1508,5,f0041,f7fc2200,ulsched C0,0,41
226,0,239181356,206,1,84f,f7fc2200,ulsched C0,0,273
227,0,239182465,685,5,204e1,f7fc2200,ulsched C0,0,273
228,0,239183621,1244,5,1f4e1,f7fc2200,ulsched C0,0,273
229,0,239188203,1158,5,47,f7fc3e00,MC-Sq-0,0,273
230,0,239190649,181,1,84f,f7fc3e00,MC-Sq-0,0,273
231,1,239981424,245,1,82c,f7fc2e00,C0T2,0,41
232,1,239982033,928,5,f0041,ff106200,idle_thread,0,41
233,0,239982989,934,0,1,f7fc2200,ulsched C0,0,41
234,0,239990286,956,5,204e1,f7fc2200,ulsched C0,0,41
235,0,239991865,912,5,1e5e1,f7fc2200,ulsched C0,0,41
236,0,239993219,886,5,1f4e1,f7fc2200,ulsched C0,0,41
237,1,239994122,736,0,1,f7fc3600,IDLE0,0,41
238,1,239995332,322,0,0,ff106200,idle_thread,0,41
239,0,239995332,826,0,0,f7fc2200,ulsched C0,0,41
240,1,239996181,487,0,1,f7fc3600,IDLE0,0,41
241,0,239997575,1135,5,47,f7fc3e00,MC-Sq-0,0,41
242,0,240157664,285,1,82c,f7fc3e00,MC-Sq-0,0,44
243,0,240158554,1465,5,f3041,f7fc2200,ulsched C0,0,44
244,0,240161452,208,1,84f,f7fc2200,ulsched C0,0,273
245,0,240162037,39515,1,82c,f7fc2200,ulsched C0,0,43
246,0,240202158,748,5,f2085,f7fc2200,ulsched C0,0,43
247,0,240203508,633,5,204e1,f7fc2200,ulsched C0,0,43
248,0,240204573,1205,5,1f4e1,f7fc2200,ulsched C0,0,43
249,0,240206176,38714,1,82c,f7fc2200,ulsched C0,0,45
250,0,240245478,561,5,f4085,f7fc2200,ulsched C0,0,45
251,1,240252151,287,0,0,ff106200,idle_thread,0,45
252,0,240252151,814,0,0,f7fc2200,ulsched C0,0,45
253,1,240252977,474,0,1,ff106200,idle_thread,0,45
254,0,240253512,832,5,1e5e1,f7fc2200,ulsched C0,0,45
255,0,240254817,782,5,1f4e1,f7fc2200,ulsched C0,0,45
256,1,240255626,659,0,1,f7fc3e00,MC-Sq-0,0,45
257,1,240256770,284,0,0,ff106200,idle_thread,0,45
258,0,240256770,686,0,0,f7fc2200,ulsched C0,0,45
259,1,240257479,485,0,1,f7fc3e00,MC-Sq-0,0,45
260,1,240258167,158,1,84f,f7fc3e00,MC-Sq-0,0,273
261,0,240258946,1148,5,47,f7fc2600,C0T0,0,273
262,1,241208926,252,1,82c,f7fc3e00,MC-Sq-0,0,44
263,1,241209600,975,5,f3041,ff106200,idle_thread,0,44
264,0,241210594,904,0,1,f7fc2200,ulsched C0,0,44
265,0,241212732,40018,1,82c,f7fc2200,ulsched C0,0,43
266,0,241253356,757,5,f2085,f7fc2200,ulsched C0,0,43
267,0,241254730,685,5,204e1,f7fc2200,ulsched C0,0,43
268,0,241255842,815,5,1f4e1,f7fc2200,ulsched C0,0,43
269,1,241256669,761,0,1,f7fc2e00,C0T2,0,43
270,0,241257454,38594,1,82c,f7fc2200,ulsched C0,0,45
271,0,241296460,606,5,f4085,f7fc2200,ulsched C0,0,45
272,0,241300991,1201,5,47,f7fc2600,C0T0,0,45
273,0,241302858,36534,1,82c,f7fc2600,C0T0,0,41
274,0,241340042,1352,5,f0041,f7fc2200,ulsched C0,0,41
275,0,241342727,216,1,84f,f7fc2200,ulsched C0,0,273
276,0,241343754,704,5,204e1,f7fc2200,ulsched C0,0,273
277,0,241344880,1193,5,1f4e1,f7fc2200,ulsched C0,0,273
278,0,241349429,1075,5,47,f7fc3e00,MC-Sq-0,0,273
279,0,241351234,190,1,84f,f7fc3e00,MC-Sq-0,0,273
280,0,242024485,1212,0,59,f7fc2200,ulsched C0,0,273
281,0,242027645,654,5,1a1e1,f7fc2200,ulsched C0,0,273
282,1,242032767,314,0,0,ff106200,idle_thread,0,273
283,0,242032767,851,0,0,f7fc2200,ulsched C0,0,273
284,1,242033634,469,0,1,ff106200,idle_thread,0,273
285,0,242034160,900,5,1e5e1,f7fc2200,ulsched C0,0,273
286,0,242035484,810,5,1f4e1,f7fc2200,ulsched C0,0,273
287,1,242036311,658,0,1,f7fc3600,IDLE0,0,273
288,1,242037418,286,0,0,ff106200,idle_thread,0,273
289,0,242037418,709,0,0,f7fc2200,ulsched C0,0,273
290,1,242038149,477,0,1,f7fc3600,IDLE0,0,273
291,0,242039567,1140,5,47,f7fc3e00,MC-Sq-0,0,273
292,0,242318578,308,1,82c,f7fc3e00,MC-Sq-0,0,44
293,0,242319532,1397,5,f3041,f7fc2200,ulsched C0,0,44
294,0,242322155,40216,1,82c,f7fc2200,ulsched C0,0,43
295,0,242362831,729,5,f2085,f7fc2200,ulsched C0,0,43
296,0,242364162,597,5,204e1,f7fc2200,ulsched C0,0,43
297,0,242365200,1171,5,1f4e1,f7fc2200,ulsched C0,0,43
298,0,242366766,38986,1,82c,f7fc2200,ulsched C0,0,45
299,0,242406161,606,5,f4085,f7fc2200,ulsched C0,0,45
300,0,242411574,1195,5,47,f7fc2600,C0T0,0,45
301,0,243363457,303,1,82c,f7fc2600,C0T0,0,41
302,0,243364407,1393,5,f0041,f7fc2200,ulsched C0,0,41
303,0,243367179,198,1,84f,f7fc2200,ulsched C0,0,273
304,0,243368226,695,5,204e1,f7fc2200,ulsched C0,0,273
305,0,243369426,1213,5,1f4e1,f7fc2200,ulsched C0,0,273
306,0,243374163,1099,5,47,f7fc3e00,MC-Sq-0,0,273
307,0,243375921,173,1,84f,f7fc3e00,MC-Sq-0,0,273
308,0,244326745,286,1,82c,f7fc3e00,MC-Sq-0,0,44
309,0,244327558,1431,5,f3041,f7fc2200,ulsched C0,0,44
310,0,244330125,40481,1,82c,f7fc2200,ulsched C0,0,43
311,0,244370834,455,0,59,f7fc2200,ulsched C0,0,43
312,0,244371791,653,5,f2085,f7fc2200,ulsched C0,0,43
313,0,244373011,650,5,204e1,f7fc2200,ulsched C0,0,43
314,0,244374083,1189,5,1f4e1,f7fc2200,ulsched C0,0,43
315,0,244375658,38201,1,82c,f7fc2200,ulsched C0,0,45
316,0,244414303,616,5,f4085,f7fc2200,ulsched C0,0,45
317,0,244419949,866,5,204e1,f7fc2200,ulsched C0,0,45
318,0,244421427,896,5,1e5e1,f7fc2200,ulsched C0,0,45
319,0,244422792,1230,5,1f4e1,f7fc2200,ulsched C0,0,45
320,0,244424409,742,5,234e1,f7fc2200,ulsched C0,0,45
321,0,244426698,1050,5,47,f7fc2200,ulsched C0,0,45
322,0,244429682,546,5,1a1e1,f7fc2200,ulsched C0,0,45
323,0,244433289,1134,5,47,f7fc3a00,IDLE1,0,45
324,0,254466820,1096,0,59,f7fc2200,ulsched C0,0,45
325,0,254469910,543,5,1a1e1,f7fc2200,ulsched C0,0,45
326,0,254474941,851,5,204e1,f7fc2200,ulsched C0,0,45
327,0,254476303,832,5,1e5e1,f7fc2200,ulsched C0,0,45
328,0,254477524,1180,5,1f4e1,f7fc2200,ulsched C0,0,45
329,0,254479157,684,5,234e1,f7fc2200,ulsched C0,0,45
330,0,254481341,1066,5,47,f7fc2a00,C0T1,0,45
331,0,255433280,310,1,82c,f7fc2a00,C0T1,0,41
332,0,255434096,1407,5,f0041,f7fc2200,ulsched C0,0,41
333,0,255436902,217,1,84f,f7fc2200,ulsched C0,0,273
334,0,255437976,623,5,204e1,f7fc2200,ulsched C0,0,273
335,0,255439062,1163,5,1f4e1,f7fc2200,ulsched C0,0,273
336,0,255443971,1123,5,47,f7fc3e00,MC-Sq-0,0,273
337,0,255445797,191,1,84f,f7fc3e00,MC-Sq-0,0,273
338,0,256396627,262,1,82c,f7fc3e00,MC-Sq-0,0,44
339,0,256397401,1545,5,f3041,f7fc2200,ulsched C0,0,44
340,0,256400646,39664,1,82c,f7fc2200,ulsched C0,0,43
341,0,256440803,670,5,f2085,f7fc2200,ulsched C0,0,43
342,0,256442086,590,5,204e1,f7fc2200,ulsched C0,0,43
343,0,256443104,1178,5,1f4e1,f7fc2200,ulsched C0,0,43
344,0,256444684,38995,1,82c,f7fc2200,ulsched C0,0,45
345,0,256484118,568,5,f4085,f7fc2200,ulsched C0,0,45
346,0,256488885,1173,5,47,f7fc2a00,C0T1,0,45
347,0,257441204,280,1,82c,f7fc2a00,C0T1,0,41
348,0,257441926,1397,5,f0041,f7fc2200,ulsched C0,0,41
349,0,257444623,178,1,84f,f7fc2200,ulsched C0,0,273
350,0,257445617,735,5,204e1,f7fc2200,ulsched C0,0,273
351,0,257446798,1221,5,1f4e1,f7fc2200,ulsched C0,0,273
352,0,257451544,1048,5,47,f7fc3e00,MC-Sq-0,0,273
353,0,257453263,166,1,84f,f7fc3e00,MC-Sq-0,0,273
354,0,258404073,270,1,82c,f7fc3e00,MC-Sq-0,0,44
355,0,258404846,1452,5,f3041,f7fc2200,ulsched C0,0,44
356,0,258407410,40353,1,82c,f7fc2200,ulsched C0,0,43
357,0,258448254,675,5,f2085,f7fc2200,ulsched C0,0,43
358,0,258449525,586,5,204e1,f7fc2200,ulsched C0,0,43
359,0,258450539,1142,5,1f4e1,f7fc2200,ulsched C0,0,43
360,0,258452058,38986,1,82c,f7fc2200,ulsched C0,0,45
361,0,258491460,572,5,f4085,f7fc2200,ulsched C0,0,45
362,0,258496107,1096,5,47,f7fc2a00,C0T1,0,45
363,0,259302156,1113,0,59,f7fc2200,ulsched C0,0,45
364,0,259305433,592,5,1a1e1,f7fc2200,ulsched C0,0,45
365,0,259309744,753,5,204e1,f7fc2200,ulsched C0,0,45
366,0,259311045,877,5,1e5e1,f7fc2200,ulsched C0,0,45
367,0,259312341,1194,5,1f4e1,f7fc2200,ulsched C0,0,45
368,0,259313940,765,5,234e1,f7fc2200,ulsched C0,0,45
369,0,259316146,983,5,47,f7fc3a00,IDLE1,0,45
370,0,264434389,947,0,59,f7fc2200,ulsched C0,0,45
371,0,264437541,541,5,1a1e1,f7fc2200,ulsched C0,0,45
372,0,264444672,778,5,204e1,f7fc2200,ulsched C0,0,45
373,0,264445999,851,5,1e5e1,f7fc2200,ulsched C0,0,45
374,0,264447298,1180,5,1f4e1,f7fc2200,ulsched C0,0,45
375,0,264448895,702,5,234e1,f7fc2200,ulsched C0,0,45
376,1,264450405,294,0,0,ff106200,idle_thread,0,45
377,0,264450405,601,0,0,f7fc2200,ulsched C0,0,45
378,1,264451015,473,0,1,ff106200,idle_thread,0,45
379,0,264451510,703,5,1e5e1,f7fc2200,ulsched C0,0,45
380,0,264452580,775,5,1f4e1,f7fc2200,ulsched C0,0,45
381,1,264453367,670,0,1,f7fc3200,C0T3,0,45
382,1,264454537,301,0,0,ff106200,idle_thread,0,45
383,0,264454537,662,0,0,f7fc2200,ulsched C0,0,45
384,1,264455208,481,0,1,f7fc3200,C0T3,0,45
385,0,264456667,1382,5,47,f7fc2e00,C0T2,0,45
386,0,264633568,306,1,82c,f7fc2e00,C0T2,0,41
387,0,264634396,1340,5,f0041,f7fc2200,ulsched C0,0,41
388,0,264637155,194,1,84f,f7fc2200,ulsched C0,0,273
389,0,264638169,663,5,204e1,f7fc2200,ulsched C0,0,273
390,0,264639475,1125,5,1f4e1,f7fc2200,ulsched C0,0,273
391,0,264643981,1626,5,47,f7fc3e00,MC-Sq-0,0,273
392,0,264646328,188,1,84f,f7fc3e00,MC-Sq-0,0,273
393,1,265406126,255,1,82c,f7fc3200,C0T3,0,41
394,1,265406740,991,5,f0041,ff106200,idle_thread,0,41
395,0,265407760,1006,0,1,f7fc2200,ulsched C0,0,41
396,0,265415258,959,5,204e1,f7fc2200,ulsched C0,0,41
397,0,265416838,804,5,1e5e1,f7fc2200,ulsched C0,0,41
398,0,265418082,874,5,1f4e1,f7fc2200,ulsched C0,0,41
399,1,265418982,681,0,1,f7fc3600,IDLE0,0,41
400,1,265420128,285,0,0,ff106200,idle_thread,0,41
401,0,265420128,794,0,0,f7fc2200,ulsched C0,0,41
402,1,265420944,476,0,1,f7fc3600,IDLE0,0,41
403,0,265422328,1086,5,47,f7fc3e00,MC-Sq-0,0,41
404,0,265613238,283,1,82c,f7fc3e00,MC-Sq-0,0,44
405,0,265614097,1409,5,f3041,f7fc2200,ulsched C0,0,44
406,0,265616922,193,1,84f,f7fc2200,ulsched C0,0,273
407,0,265617479,39374,1,82c,f7fc2200,ulsched C0,0,43
408,0,265657343,807,5,f2085,f7fc2200,ulsched C0,0,43
409,0,265658737,631,5,204e1,f7fc2200,ulsched C0,0,43
410,0,265660013,1215,5,1f4e1,f7fc2200,ulsched C0,0,43
411,0,265661621,38585,1,82c,f7fc2200,ulsched C0,0,45
412,0,265700637,580,5,f4085,f7fc2200,ulsched C0,0,45
413,1,265707853,279,0,0,ff106200,idle_thread,0,45
414,0,265707853,1249,0,0,f7fc2200,ulsched C0,0,45
415,1,265709115,462,0,1,ff106200,idle_thread,0,45
416,0,265709683,802,5,1e5e1,f7fc2200,ulsched C0,0,45
417,0,265710953,818,5,1f4e1,f7fc2200,ulsched C0,0,45
418,1,265711787,657,0,1,f7fc3e00,MC-Sq-0,0,45
419,1,265712935,304,0,0,ff106200,idle_thread,0,45
420,0,265712935,727,0,0,f7fc2200,ulsched C0,0,45
421,1,265713671,478,0,1,f7fc3e00,MC-Sq-0,0,45
422,1,265714405,157,1,84f,f7fc3e00,MC-Sq-0,0,273
423,0,265715187,1173,5,47,f7fc2e00,C0T2,0,273
424,1,266665099,247,1,82c,f7fc3e00,MC-Sq-0,0,44
425,1,266665772,1006,5,f3041,ff106200,idle_thread,0,44
426,0,266666799,920,0,1,f7fc2200,ulsched C0,0,44
427,0,266668951,39965,1,82c,f7fc2200,ulsched C0,0,43
428,0,266709366,749,5,f2085,f7fc2200,ulsched C0,0,43
429,0,266710730,665,5,204e1,f7fc2200,ulsched C0,0,43
430,0,266711814,835,5,1f4e1,f7fc2200,ulsched C0,0,43
431,1,266712679,746,0,1,f7fc3200,C0T3,0,43
432,0,266713447,38731,1,82c,f7fc2200,ulsched C0,0,45
433,0,266752583,613,5,f4085,f7fc2200,ulsched C0,0,45
434,0,266757734,1158,5,47,f7fc2e00,C0T2,0,45
435,0,266759543,35996,1,82c,f7fc2e00,C0T2,0,41
436,0,266796024,1448,5,f0041,f7fc2200,ulsched C0,0,41
437,0,266798859,199,1,84f,f7fc2200,ulsched C0,0,273
438,0,266799888,707,5,204e1,f7fc2200,ulsched C0,0,273
439,0,266801107,1165,5,1f4e1,f7fc2200,ulsched C0,0,273
440,0,266805697,1148,5,47,f7fc3e00,MC-Sq-0,0,273
441,0,266807596,208,1,84f,f7fc3e00,MC-Sq-0,0,273
442,1,267663942,241,1,82c,f7fc3200,C0T3,0,41
443,1,267664560,973,5,f0041,ff106200,idle_thread,0,41
444,0,267665561,957,0,1,f7fc2200,ulsched C0,0,41
445,0,267672985,926,5,204e1,f7fc2200,ulsched C0,0,41
446,0,267674865,875,5,1e5e1,f7fc2200,ulsched C0,0,41
447,0,267676172,907,5,1f4e1,f7fc2200,ulsched C0,0,41
448,1,267677107,694,0,1,f7fc3600,IDLE0,0,41
449,1,267678254,290,0,0,ff106200,idle_thread,0,41
450,0,267678254,776,0,0,f7fc2200,ulsched C0,0,41
451,1,267679046,465,0,1,f7fc3600,IDLE0,0,41
452,0,267680649,1111,5,47,f7fc3e00,MC-Sq-0,0,41
453,0,267775128,302,1,82c,f7fc3e00,MC-Sq-0,0,44
454,0,267776024,1455,5,f3041,f7fc2200,ulsched C0,0,44
455,0,267778903,229,1,84f,f7fc2200,ulsched C0,0,273
456,0,267779525,39380,1,82c,f7fc2200,ulsched C0,0,43
457,0,267819387,759,5,f2085,f7fc2200,ulsched C0,0,43
458,0,267820708,621,5,204e1,f7fc2200,ulsched C0,0,43
459,0,267821767,1205,5,1f4e1,f7fc2200,ulsched C0,0,43
460,0,267823388,38739,1,82c,f7fc2200,ulsched C0,0,45
461,0,267862549,585,5,f4085,f7fc2200,ulsched C0,0,45
462,1,267869718,272,0,0,ff106200,idle_thread,0,45
463,0,267869718,789,0,0,f7fc2200,ulsched C0,0,45
464,1,267870525,476,0,1,ff106200,idle_thread,0,45
465,0,267871104,852,5,1e5e1,f7fc2200,ulsched C0,0,45
466,0,267872416,847,5,1f4e1,f7fc2200,ulsched C0,0,45
467,1,267873291,659,0,1,f7fc3e00,MC-Sq-0,0,45
468,1,267874434,289,0,0,ff106200,idle_thread,0,45
469,0,267874434,715,0,0,f7fc2200,ulsched C0,0,45
470,1,267875163,476,0,1,f7fc3e00,MC-Sq-0,0,45
471,1,267875846,159,1,84f,f7fc3e00,MC-Sq-0,0,273
472,0,267876660,1214,5,47,f7fc2e00,C0T2,0,273
473,1,268826554,248,1,82c,f7fc3e00,MC-Sq-0,0,44
474,1,268827213,983,5,f3041,ff106200,idle_thread,0,44
475,0,268828217,869,0,1,f7fc2200,ulsched C0,0,44
476,0,268830325,39996,1,82c,f7fc2200,ulsched C0,0,43
477,0,268870782,764,5,f2085,f7fc2200,ulsched C0,0,43
478,0,268872117,639,5,204e1,f7fc2200,ulsched C0,0,43
479,0,268873191,838,5,1f4e1,f7fc2200,ulsched C0,0,43
480,1,268874059,748,0,1,f7fc3200,C0T3,0,43
481,0,268874831,38886,1,82c,f7fc2200,ulsched C0,0,45
482,0,268914362,586,5,f4085,f7fc2200,ulsched C0,0,45
483,0,268919439,1133,5,47,f7fc2e00,C0T2,0,45
484,0,268921280,35714,1,82c,f7fc2e00,C0T2,0,41
485,0,268957464,1411,5,f0041,f7fc2200,ulsched C0,0,41
486,0,268960241,203,1,84f,f7fc2200,ulsched C0,0,273
487,0,268961286,752,5,204e1,f7fc2200,ulsched C0,0,273
488,0,268962506,1161,5,1f4e1,f7fc2200,ulsched C0,0,273
489,0,268966987,1106,5,47,f7fc3e00,MC-Sq-0,0,273
490,0,268969257,187,1,84f,f7fc3e00,MC-Sq-0,0,273
491,0,269405028,1176,0,59,f7fc2200,ulsched C0,0,273
492,0,269408540,669,5,1a1e1,f7fc2200,ulsched C0,0,273
493,0,269413414,1105,5,47,f7fc3e00,MC-Sq-0,0,273
494,1,269825327,253,1,82c,f7fc3200,C0T3,0,41
495,1,269825955,953,5,f0041,ff106200,idle_thread,0,41
496,0,269826938,809,0,1,f7fc2200,ulsched C0,0,41
497,0,269834457,960,5,204e1,f7fc2200,ulsched C0,0,41
498,0,269836027,896,5,1e5e1,f7fc2200,ulsched C0,0,41
499,0,269837366,881,5,1f4e1,f7fc2200,ulsched C0,0,41
500,1,269838264,697,0,1,f7fc2600,C0T0,0,41
501,1,269839452,309,0,0,ff106200,idle_thread,0,41
502,0,269839452,773,0,0,f7fc2200,ulsched C0,0,41
503,1,269840236,471,0,1,f7fc2600,C0T0,0,41
504,0,269841635,1127,5,47,f7fc3e00,MC-Sq-0,0,41
505,0,269946085,289,1,82c,f7fc3e00,MC-Sq-0,0,44
506,0,269946970,1492,5,f3041,f7fc2200,ulsched C0,0,44
507,0,269949867,207,1,84f,f7fc2200,ulsched C0,0,273
508,0,269950439,39393,1,82c,f7fc2200,ulsched C0,0,43
509,0,269990294,737,5,f2085,f7fc2200,ulsched C0,0,43
510,0,269991603,660,5,204e1,f7fc2200,ulsched C0,0,43
511,0,269992708,1206,5,1f4e1,f7fc2200,ulsched C0,0,43
512,0,269994272,38873,1,82c,f7fc2200,ulsched C0,0,45
513,0,270033623,602,5,f4085,f7fc2200,ulsched C0,0,45
514,1,270040767,271,0,0,ff106200,idle_thread,0,45
515,0,270040767,793,0,0,f7fc2200,ulsched C0,0,45
516,1,270041752,479,0,1,ff106200,idle_thread,0,45
517,0,270042255,879,5,1e5e1,f7fc2200,ulsched C0,0,45
518,0,270043614,858,5,1f4e1,f7fc2200,ulsched C0,0,45
519,1,270044504,650,0,1,f7fc3e00,MC-Sq-0,0,45
520,1,270045619,321,0,0,ff106200,idle_thread,0,45
521,0,270045619,741,0,0,f7fc2200,ulsched C0,0,45
522,1,270046369,489,0,1,f7fc3e00,MC-Sq-0,0,45
523,1,270047094,166,1,84f,f7fc3e00,MC-Sq-0,0,273
524,0,270047973,1170,5,47,f7fc2e00,C0T2,0,273
525,1,270997806,238,1,82c,f7fc3e00,MC-Sq-0,0,44
526,1,270998447,1007,5,f3041,ff106200,idle_thread,0,44
527,0,270999482,1079,0,1,f7fc2200,ulsched C0,0,44
528,0,271001805,39699,1,82c,f7fc2200,ulsched C0,0,43
529,0,271041972,752,5,f2085,f7fc2200,ulsched C0,0,43
530,0,271043307,661,5,204e1,f7fc2200,ulsched C0,0,43
531,0,271044385,838,5,1f4e1,f7fc2200,ulsched C0,0,43
532,1,271045244,718,0,1,f7fc3200,C0T3,0,43
533,0,271045984,38867,1,82c,f7fc2200,ulsched C0,0,45
534,0,271085495,628,5,f4085,f7fc2200,ulsched C0,0,45
535,0,271090666,1171,5,47,f7fc2e00,C0T2,0,45
536,0,271092599,35570,1,82c,f7fc2e00,C0T2,0,41
537,0,271128634,1383,5,f0041,f7fc2200,ulsched C0,0,41
538,0,271131361,222,1,84f,f7fc2200,ulsched C0,0,273
539,0,271132405,743,5,204e1,f7fc2200,ulsched C0,0,273
540,0,271133594,1137,5,1f4e1,f7fc2200,ulsched C0,0,273
541,0,271138095,1111,5,47,f7fc3e00,MC-Sq-0,0,273
542,0,271140384,185,1,84f,f7fc3e00,MC-Sq-0,0,273
543,1,271996462,247,1,82c,f7fc3200,C0T3,0,41
544,1,271997068,938,5,f0041,ff106200,idle_thread,0,41
545,0,271998034,956,0,1,f7fc2200,ulsched C0,0,41
546,0,272005759,948,5,204e1,f7fc2200,ulsched C0,0,41
547,0,272007300,896,5,1e5e1,f7fc2200,ulsched C0,0,41
548,0,272008652,913,5,1f4e1,f7fc2200,ulsched C0,0,41
549,1,272009589,728,0,1,f7fc2600,C0T0,0,41
550,1,272010795,313,0,0,ff106200,idle_thread,0,41
551,0,272010795,815,0,0,f7fc2200,ulsched C0,0,41
552,1,272011619,478,0,1,f7fc2600,C0T0,0,41
553,0,272013012,1200,5,47,f7fc3e00,MC-Sq-0,0,41
554,0,272107833,309,1,82c,f7fc3e00,MC-Sq-0,0,44
555,0,272108732,1369,5,f3041,f7fc2200,ulsched C0,0,44
556,0,272111535,212,1,84f,f7fc2200,ulsched C0,0,273
557,0,272112117,39636,1,82c,f7fc2200,ulsched C0,0,43
558,0,272152356,762,5,f2085,f7fc2200,ulsched C0,0,43
559,0,272153688,645,5,204e1,f7fc2200,ulsched C0,0,43
560,0,272154760,1175,5,1f4e1,f7fc2200,ulsched C0,0,43
561,0,272156310,38718,1,82c,f7fc2200,ulsched C0,0,45
562,0,272195618,594,5,f4085,f7fc2200,ulsched C0,0,45
563,1,272202784,277,0,0,ff106200,idle_thread,0,45
564,0,272202784,1278,0,0,f7fc2200,ulsched C0,0,45
565,1,272204074,483,0,1,ff106200,idle_thread,0,45
566,0,272204604,893,5,1e5e1,f7fc2200,ulsched C0,0,45
567,0,272205964,1169,5,1f4e1,f7fc2200,ulsched C0,0,45
568,0,272207307,814,5,1f4e1,f7fc2200,ulsched C0,0,45
569,1,272208134,745,0,1,f7fc3e00,MC-Sq-0,0,45
570,1,272209367,292,0,0,ff106200,idle_thread,0,45
571,0,272209367,724,0,0,f7fc2200,ulsched C0,0,45
572,1,272210100,477,0,1,f7fc3e00,MC-Sq-0,0,45
573,1,272210799,154,1,84f,f7fc3e00,MC-Sq-0,0,273
574,0,272211603,1053,5,47,f7fc2e00,C0T2,0,273
575,0,272578430,1195,0,59,f7fc2200,ulsched C0,0,273
576,0,272582109,635,5,1a1e1,f7fc2200,ulsched C0,0,273
577,1,272587853,273,0,0,ff106200,idle_thread,0,273
578,0,272587853,1563,0,0,f7fc2200,ulsched C0,0,273
579,1,272589425,485,0,1,ff106200,idle_thread,0,273
580,0,272589989,868,5,1e5e1,f7fc2200,ulsched C0,0,273
581,0,272591312,870,5,1f4e1,f7fc2200,ulsched C0,0,273
582,1,272592198,764,0,1,f7fc2600,C0T0,0,273
583,1,272593374,280,0,0,ff106200,idle_thread,0,273
584,0,272593374,681,0,0,f7fc2200,ulsched C0,0,273
585,1,272594064,486,0,1,f7fc2600,C0T0,0,273
586,0,272595594,1107,5,47,f7fc2e00,C0T2,0,273
587,1,273153805,241,1,82c,f7fc2600,C0T0,0,41
588,1,273154405,988,5,f0041,ff106200,idle_thread,0,41
589,0,273155419,793,0,1,f7fc2200,ulsched C0,0,41
590,0,273158002,735,5,204e1,f7fc2200,ulsched C0,0,41
591,0,273159177,821,5,1f4e1,f7fc2200,ulsched C0,0,41
592,1,273160014,753,0,1,f7fc3e00,MC-Sq-0,0,41
593,0,273163814,1142,5,47,f7fc2e00,C0T2,0,41
594,0,273192328,5206,1,82c,f7fc2e00,C0T2,0,41
595,0,273198050,1489,5,f0041,f7fc2200,ulsched C0,0,41
596,0,273205995,853,5,204e1,f7fc2200,ulsched C0,0,41
597,0,273207429,841,5,1e5e1,f7fc2200,ulsched C0,0,41
598,0,273208683,1288,5,1f4e1,f7fc2200,ulsched C0,0,41
599,0,273210406,742,5,234e1,f7fc2200,ulsched C0,0,41
600,0,273212620,1040,5,47,f7fc3600,IDLE0,0,41
601,1,273734617,239,1,82c,f7fc3e00,MC-Sq-0,0,44
602,1,273735506,935,5,f3041,ff106200,idle_thread,0,44
603,0,273736468,830,0,1,f7fc2200,ulsched C0,0,44
604,0,273738451,272,1,84f,f7fc2200,ulsched C0,0,273
605,0,273739122,39241,1,82c,f7fc2200,ulsched C0,0,43
606,0,273778949,790,5,f2085,f7fc2200,ulsched C0,0,43
607,0,273780378,41284,1,82c,f7fc2200,ulsched C0,0,45
608,0,273822044,806,5,f4085,f7fc2200,ulsched C0,0,45
609,1,273822876,694,0,1,f7fc3e00,MC-Sq-0,0,45
610,1,273824032,148,1,84f,f7fc3e00,MC-Sq-0,0,273
611,0,273827677,1135,5,47,f7fc3600,IDLE0,0,273
612,1,274774705,247,1,82c,f7fc3e00,MC-Sq-0,0,44
613,1,274775360,995,5,f3041,ff106200,idle_thread,0,44
614,0,274776383,775,0,1,f7fc2200,ulsched C0,0,44
615,0,274778464,214,1,84f,f7fc2200,ulsched C0,0,273
616,0,274779048,39392,1,82c,f7fc2200,ulsched C0,0,43
617,0,274818886,791,5,f2085,f7fc2200,ulsched C0,0,43
618,0,274820245,698,5,204e1,f7fc2200,ulsched C0,0,43
619,0,274821383,909,5,1f4e1,f7fc2200,ulsched C0,0,43
620,1,274822323,749,0,1,f7fc2600,C0T0,0,43
621,0,274823097,38747,1,82c,f7fc2200,ulsched C0,0,45
622,0,274862487,577,5,f4085,f7fc2200,ulsched C0,0,45
623,0,274869089,875,5,204e1,f7fc2200,ulsched C0,0,45
624,0,274870508,845,5,1e5e1,f7fc2200,ulsched C0,0,45
625,0,274871838,1298,5,1f4e1,f7fc2200,ulsched C0,0,45
626,0,274873586,756,5,234e1,f7fc2200,ulsched C0,0,45
627,0,274875859,1088,5,47,f7fc3e00,MC-Sq-0,0,45
628,0,274877729,203,1,84f,f7fc3e00,MC-Sq-0,0,273
629,1,275773565,241,1,82c,f7fc2600,C0T0,0,41
630,1,275774454,955,5,f0041,ff106200,idle_thread,0,41
631,0,275775430,903,0,1,f7fc2200,ulsched C0,0,41
632,0,275783084,969,5,204e1,f7fc2200,ulsched C0,0,41
633,0,275784651,848,5,1e5e1,f7fc2200,ulsched C0,0,41
634,0,275785942,866,5,1f4e1,f7fc2200,ulsched C0,0,41
635,1,275786828,706,0,1,f7fc3600,IDLE0,0,41
636,1,275788013,313,0,0,ff106200,idle_thread,0,41
637,0,275788013,787,0,0,f7fc2200,ulsched C0,0,41
638,1,275788809,469,0,1,f7fc3600,IDLE0,0,41
639,0,275790168,1116,5,47,f7fc3e00,MC-Sq-0,0,41
640,0,275844885,276,1,82c,f7fc3e00,MC-Sq-0,0,44
641,0,275845753,1447,5,f3041,f7fc2200,ulsched C0,0,44
642,0,275848582,182,1,84f,f7fc2200,ulsched C0,0,273
643,0,275849144,39503,1,82c,f7fc2200,ulsched C0,0,43
644,0,275889164,712,5,f2085,f7fc2200,ulsched C0,0,43
645,0,275890469,631,5,204e1,f7fc2200,ulsched C0,0,43
646,0,275891750,1158,5,1f4e1,f7fc2200,ulsched C0,0,43
647,0,275893330,38601,1,82c,f7fc2200,ulsched C0,0,45
648,0,275932369,553,5,f4085,f7fc2200,ulsched C0,0,45
649,1,275939692,275,0,0,ff106200,idle_thread,0,45
650,0,275939692,1235,0,0,f7fc2200,ulsched C0,0,45
651,1,275940942,482,0,1,ff106200,idle_thread,0,45
652,0,275941478,885,5,1e5e1,f7fc2200,ulsched C0,0,45
653,0,275942835,829,5,1f4e1,f7fc2200,ulsched C0,0,45
654,1,275943681,791,0,1,f7fc3e00,MC-Sq-0,0,45
655,1,275944958,288,0,0,ff106200,idle_thread,0,45
656,0,275944958,678,0,0,f7fc2200,ulsched C0,0,45
657,1,275945652,477,0,1,f7fc3e00,MC-Sq-0,0,45
658,1,275946347,153,1,84f,f7fc3e00,MC-Sq-0,0,273
659,0,275947157,1113,5,47,f7fc2e00,C0T2,0,273
660,0,276311488,1117,0,59,f7fc2200,ulsched C0,0,273
661,0,276314520,603,5,1a1e1,f7fc2200,ulsched C0,0,273
662,0,276318745,850,5,204e1,f7fc2200,ulsched C0,0,273
663,0,276320461,786,5,1e5e1,f7fc2200,ulsched C0,0,273
664,0,276321679,1246,5,1f4e1,f7fc2200,ulsched C0,0,273
665,0,276323391,718,5,234e1,f7fc2200,ulsched C0,0,273
666,0,276325593,1069,5,47,f7fc3600,IDLE0,0,273
667,1,276897028,251,1,82c,f7fc3e00,MC-Sq-0,0,44
668,1,276897858,1001,5,f3041,ff106200,idle_thread,0,44
669,0,276898888,792,0,1,f7fc2200,ulsched C0,0,44
670,0,276900956,39986,1,82c,f7fc2200,ulsched C0,0,43
671,0,276941395,791,5,f2085,f7fc2200,ulsched C0,0,43
672,0,276942745,639,5,204e1,f7fc2200,ulsched C0,0,43
673,0,276943813,876,5,1f4e1,f7fc2200,ulsched C0,0,43
674,1,276944723,718,0,1,f7fc2600,C0T0,0,43
675,0,276945465,38719,1,82c,f7fc2200,ulsched C0,0,45
676,0,276984583,584,5,f4085,f7fc2200,ulsched C0,0,45
677,0,276989471,1176,5,47,f7fc3600,IDLE0,0,45
678,1,277895905,247,1,82c,f7fc2600,C0T0,0,41
679,1,277896503,913,5,f0041,ff106200,idle_thread,0,41
680,0,277897442,811,0,1,f7fc2200,ulsched C0,0,41
681,0,277899583,221,1,84f,f7fc2200,ulsched C0,0,273
682,0,277900591,728,5,204e1,f7fc2200,ulsched C0,0,273
683,0,277901791,890,5,1f4e1,f7fc2200,ulsched C0,0,273
684,1,277902709,669,0,1,f7fc3e00,MC-Sq-0,0,273
685,1,277903870,161,1,84f,f7fc3e00,MC-Sq-0,0,273
686,0,277906566,1147,5,47,f7fc3600,IDLE0,0,273
687,1,278854532,232,1,82c,f7fc3e00,MC-Sq-0,0,44
688,1,278855160,943,5,f3041,ff106200,idle_thread,0,44
689,0,278856125,797,0,1,f7fc2200,ulsched C0,0,44
690,0,278858081,40087,1,82c,f7fc2200,ulsched C0,0,43
691,0,278898639,779,5,f2085,f7fc2200,ulsched C0,0,43
692,0,278899959,657,5,204e1,f7fc2200,ulsched C0,0,43
693,0,278901057,811,5,1f4e1,f7fc2200,ulsched C0,0,43
694,1,278901891,737,0,1,f7fc2600,C0T0,0,43
695,0,278902652,38858,1,82c,f7fc2200,ulsched C0,0,45
696,0,278941919,594,5,f4085,f7fc2200,ulsched C0,0,45
697,0,278946478,1093,5,47,f7fc3600,IDLE0,0,45
698,0,279371550,1037,0,59,f7fc2200,ulsched C0,0,45
699,0,279374478,632,5,1a1e1,f7fc2200,ulsched C0,0,45
700,0,279379633,819,5,204e1,f7fc2200,ulsched C0,0,45
701,0,279380981,847,5,1e5e1,f7fc2200,ulsched C0,0,45
702,0,279382242,1261,5,1f4e1,f7fc2200,ulsched C0,0,45
703,0,279383912,732,5,234e1,f7fc2200,ulsched C0,0,45
704,0,279386168,1044,5,47,f7fc2a00,C0T1,0,45
705,0,279533142,278,1,82c,f7fc2a00,C0T1,0,41
706,0,279534366,1394,5,f0041,f7fc2200,ulsched C0,0,41
707,0,279537061,195,1,84f,f7fc2200,ulsched C0,0,273
708,0,279538137,688,5,204e1,f7fc2200,ulsched C0,0,273
709,0,279539280,1189,5,1f4e1,f7fc2200,ulsched C0,0,273
710,0,279543849,1083,5,47,f7fc3e00,MC-Sq-0,0,273
711,0,279545654,188,1,84f,f7fc3e00,MC-Sq-0,0,273
712,1,279853145,245,1,82c,f7fc2600,C0T0,0,41
713,1,279853745,953,5,f0041,ff106200,idle_thread,0,41
714,0,279854724,1030,0,1,f7fc2200,ulsched C0,0,41
715,0,279862202,907,5,204e1,f7fc2200,ulsched C0,0,41
716,0,279863769,919,5,1e5e1,f7fc2200,ulsched C0,0,41
717,0,279865089,901,5,1f4e1,f7fc2200,ulsched C0,0,41
718,1,279866003,754,0,1,f7fc3600,IDLE0,0,41
719,1,279867251,291,0,0,ff106200,idle_thread,0,41
720,0,279867251,749,0,0,f7fc2200,ulsched C0,0,41
721,1,279868022,471,0,1,f7fc3600,IDLE0,0,41
722,0,279869423,1120,5,47,f7fc3e00,MC-Sq-0,0,41
723,0,280512768,285,1,82c,f7fc3e00,MC-Sq-0,0,44
724,0,280513657,1460,5,f3041,f7fc2200,ulsched C0,0,44
725,0,280516579,209,1,84f,f7fc2200,ulsched C0,0,273
726,0,280517166,39228,1,82c,f7fc2200,ulsched C0,0,43
727,0,280556891,777,5,f2085,f7fc2200,ulsched C0,0,43
728,0,280558315,648,5,204e1,f7fc2200,ulsched C0,0,43
729,0,280559419,1214,5,1f4e1,f7fc2200,ulsched C0,0,43
730,0,280561037,38755,1,82c,f7fc2200,ulsched C0,0,45
731,0,280600199,612,5,f4085,f7fc2200,ulsched C0,0,45
732,0,280606462,36640,1,82c,f7fc2200,ulsched C0,0,42
733,0,280643539,928,5,f1085,f7fc2200,ulsched C0,0,42
734,0,280650105,1263,5,47,f7fc2a00,C0T1,0,42
735,0,281602057,282,1,82c,f7fc2a00,C0T1,0,41
736,0,281602807,1379,5,f0041,f7fc2200,ulsched C0,0,41
737,0,281605654,202,1,84f,f7fc2200,ulsched C0,0,273
738,0,281606704,778,5,204e1,f7fc2200,ulsched C0,0,273
739,0,281607959,1234,5,1f4e1,f7fc2200,ulsched C0,0,273
740,0,281611158,1419,5,65,f7fc2200,ulsched C0,0,273
741,0,283359697,1063,0,1b,ffd3ce00,ulscheduler,0,273
