0,0,155422906,176,1,804,ffceb200,,0,0
1,0,155424143,149,1,43807,ffceb200,,0,100121b4
2,0,155424431,108,1,43807,ffceb200,,0,100121b4
3,0,155424662,120,1,43807,ffceb200,,0,100121b4
4,0,155424905,97,1,43807,ffceb200,,0,100121b4
5,0,155425118,97,1,43807,ffceb200,,0,100121b4
6,0,155425331,97,1,43807,ffceb200,,0,100121b4
7,0,155425544,97,1,43807,ffceb200,,0,100121b4
8,0,155425757,97,1,43807,ffceb200,,0,100121b4
9,0,155425970,97,1,44807,ffceb200,,0,100121b4
10,0,155426183,97,1,44807,ffceb200,,0,100121b4
11,0,155426396,97,1,44807,ffceb200,,0,100121b4
12,0,155426609,97,1,44807,ffceb200,,0,100121b4
13,0,155426822,97,1,44807,ffceb200,,0,100121b4
14,0,155427035,97,1,44807,ffceb200,,0,100121b4
15,0,155427248,97,1,44807,ffceb200,,0,100121b4
16,0,155427461,97,1,44807,ffceb200,,0,100121b4
17,0,155427674,97,1,44807,ffceb200,,0,100121b4
18,0,155427887,97,1,44807,ffceb200,,0,100121b4
19,0,155428100,97,1,45807,ffceb200,,0,100121b4
20,0,155428313,97,1,45807,ffceb200,,0,100121b4
21,0,155428526,97,1,45807,ffceb200,,0,100121b4
22,0,155428739,97,1,45807,ffceb200,,0,100121b4
23,0,155428952,97,1,45807,ffceb200,,0,100121b4
24,0,155429165,97,1,45807,ffceb200,,0,100121b4
25,0,155429378,97,1,45807,ffceb200,,0,100121b4
26,0,155429591,97,1,45807,ffceb200,,0,100121b4
27,0,155429804,97,1,45807,ffceb200,,0,100121b4
28,0,155430017,97,1,46807,ffceb200,,0,100121b4
29,0,155430230,97,1,46807,ffceb200,,0,100121b4
30,0,155430443,97,1,46807,ffceb200,,0,100121b4
31,0,155430656,97,1,46807,ffceb200,,0,100121b4
32,0,155430869,97,1,46807,ffceb200,,0,100121b4
33,0,155431082,97,1,46807,ffceb200,,0,100121b4
34,0,155431295,97,1,46807,ffceb200,,0,100121b4
35,0,155431508,97,1,46807,ffceb200,,0,100121b4
36,0,155431721,97,1,46807,ffceb200,,0,100121b4
37,0,155431934,97,1,46807,ffceb200,,0,100121b4
38,0,155432147,97,1,47807,ffceb200,,0,100121b4
39,0,155432360,97,1,47807,ffceb200,,0,100121b4
40,0,155432573,97,1,47807,ffceb200,,0,100121b4
41,0,155432786,97,1,47807,ffceb200,,0,100121b4
42,0,155432999,97,1,47807,ffceb200,,0,100121b4
43,0,155433212,97,1,47807,ffceb200,,0,100121b4
44,0,155433425,97,1,47807,ffceb200,,0,100121b4
45,0,155433638,97,1,47807,ffceb200,,0,100121b4
46,0,155433851,97,1,47807,ffceb200,,0,100121b4
47,0,155434064,97,1,47807,ffceb200,,0,100121b4
48,0,155434277,97,1,48807,ffceb200,,0,100121b4
49,0,155434490,97,1,48807,ffceb200,,0,100121b4
50,0,155434703,97,1,48807,ffceb200,,0,100121b4
51,0,155434916,97,1,48807,ffceb200,,0,100121b4
52,0,155435129,97,1,48807,ffceb200,,0,100121b4
53,0,155435342,97,1,48807,ffceb200,,0,100121b4
54,0,155435555,97,1,48807,ffceb200,,0,100121b4
55,0,155435768,97,1,48807,ffceb200,,0,100121b4
56,0,155435981,97,1,48807,ffceb200,,0,100121b4
57,0,155436194,97,1,49807,ffceb200,,0,100121b4
58,0,155436407,97,1,49807,ffceb200,,0,100121b4
59,0,155436620,97,1,49807,ffceb200,,0,100121b4
60,0,155436833,97,1,49807,ffceb200,,0,100121b4
61,0,155437046,97,1,49807,ffceb200,,0,100121b4
62,0,155437259,97,1,49807,ffceb200,,0,100121b4
63,0,155437472,97,1,49807,ffceb200,,0,100121b4
64,0,155437685,97,1,49807,ffceb200,,0,100121b4
65,0,155437898,97,1,49807,ffceb200,,0,100121b4
66,0,155438111,97,1,49807,ffceb200,,0,100121b4
67,0,155438324,97,1,4a807,ffceb200,,0,100121b4
68,0,155438537,97,1,4a807,ffceb200,,0,100121b4
69,0,155438750,97,1,4a807,ffceb200,,0,100121b4
70,0,155438963,97,1,4a807,ffceb200,,0,100121b4
71,0,155439176,97,1,4a807,ffceb200,,0,100121b4
72,0,155439390,97,1,4a807,ffceb200,,0,100121b4
73,0,155439603,97,1,4a807,ffceb200,,0,100121b4
74,0,155439843,97,1,4a807,ffceb200,,0,100121b4
75,0,155440056,97,1,4a807,ffceb200,,0,100121b4
76,0,155440269,97,1,4b807,ffceb200,,0,100121b4
77,0,155440482,97,1,4b807,ffceb200,,0,100121b4
78,0,155440695,97,1,4b807,ffceb200,,0,100121b4
79,0,155440908,97,1,4b807,ffceb200,,0,100121b4
80,0,155441121,97,1,4b807,ffceb200,,0,100121b4
81,0,155441334,97,1,4b807,ffceb200,,0,100121b4
82,0,155441547,97,1,4b807,ffceb200,,0,100121b4
83,0,155441760,97,1,4b807,ffceb200,,0,100121b4
84,0,155441973,97,1,4b807,ffceb200,,0,100121b4
85,0,155442186,97,1,4b807,ffceb200,,0,100121b4
86,0,155442399,97,1,4c807,ffceb200,,0,100121b4
87,0,155442612,97,1,4c807,ffceb200,,0,100121b4
88,0,155442825,97,1,4c807,ffceb200,,0,100121b4
89,0,155443038,97,1,4c807,ffceb200,,0,100121b4
90,0,155443251,97,1,4c807,ffceb200,,0,100121b4
91,0,155443464,97,1,4c807,ffceb200,,0,100121b4
92,0,155443677,97,1,4c807,ffceb200,,0,100121b4
93,0,155443890,97,1,4c807,ffceb200,,0,100121b4
94,0,155444103,97,1,4c807,ffceb200,,0,100121b4
95,0,155444316,97,1,4c807,ffceb200,,0,100121b4
96,0,155444529,97,1,4d807,ffceb200,,0,100121b4
97,0,155444742,97,1,4d807,ffceb200,,0,100121b4
98,0,155444955,97,1,4d807,ffceb200,,0,100121b4
99,0,155445168,97,1,4d807,ffceb200,,0,100121b4
100,0,155445381,97,1,4d807,ffceb200,,0,100121b4
101,0,155445594,97,1,4d807,ffceb200,,0,100121b4
102,0,155445807,97,1,4d807,ffceb200,,0,100121b4
103,0,155446020,97,1,4d807,ffceb200,,0,100121b4
104,0,155446233,97,1,4d807,ffceb200,,0,100121b4
105,0,155446446,97,1,4e807,ffceb200,,0,100121b4
106,0,155446659,97,1,4e807,ffceb200,,0,100121b4
107,0,155446872,97,1,4e807,ffceb200,,0,100121b4
108,0,155447085,97,1,4e807,ffceb200,,0,100121b4
109,0,155447298,97,1,4e807,ffceb200,,0,100121b4
110,0,155447511,97,1,4e807,ffceb200,,0,100121b4
111,0,155456069,1808,5,41,ffdd0600,,0,100121b4
112,0,155462592,1111,5,85,ffdd0600,,0,100121b4
113,0,155463852,690,5,47,ffceb200,,0,100121b4
114,0,155464833,1042,5,41,ffdd0600,,0,100121b4
115,0,155470726,543,1,81c,ffdd0600,,0,1b
116,0,155471430,43235,1,81c,ffdd0600,,0,5b
117,0,155514816,43144,1,81c,ffdd0600,,0,30
118,0,155558105,43166,1,81c,ffdd0600,,0,6d
119,0,155601416,43295,1,81c,ffdd0600,,0,1b
120,0,155644856,43158,1,81c,ffdd0600,,0,5b
121,0,155688159,43166,1,81c,ffdd0600,,0,33
122,0,155731470,43158,1,81c,ffdd0600,,0,33
123,0,155774773,43159,1,81c,ffdd0600,,0,6d
124,0,155818077,43158,1,81c,ffdd0600,,0,31
125,0,155861380,43294,1,81c,ffdd0600,,0,30
126,0,155904819,43158,1,81c,ffdd0600,,0,30
127,0,155948122,43144,1,81c,ffdd0600,,0,20
128,2,155991297,307,0,1b,ff106600,,0,20
129,3,155991842,331,0,1b,ff106a00,,0,20
130,1,155992202,308,0,1b,ff106200,,0,20
131,0,155992534,42095,1,81c,ffdd0600,,0,6e
132,0,156034785,43148,1,81c,ffdd0600,,0,75
133,0,156078078,43158,1,81c,ffdd0600,,0,6c
134,0,156121381,43158,1,81c,ffdd0600,,0,6c
135,0,156164684,43159,1,81c,ffdd0600,,0,20
136,0,156207988,43158,1,81c,ffdd0600,,0,6f
137,0,156251291,43302,1,81c,ffdd0600,,0,76
138,0,156294738,43166,1,81c,ffdd0600,,0,65
139,0,156338049,43188,1,81c,ffdd0600,,0,72
140,0,156381382,43151,1,81c,ffdd0600,,0,68
141,0,156424678,43159,1,81c,ffdd0600,,0,65
142,0,156467982,43143,1,81c,ffdd0600,,0,61
143,0,156511270,43158,1,81c,ffdd0600,,0,64
144,0,156554573,43294,1,81c,ffdd0600,,0,73
145,0,156598012,43144,1,81c,ffdd0600,,0,3a
146,0,156641301,43158,1,81c,ffdd0600,,0,20
147,0,156684630,43156,1,81c,ffdd0600,,0,33
148,0,156727931,43219,1,81c,ffdd0600,,0,38
149,0,156771295,43166,1,81c,ffdd0600,,0,35
150,0,156814606,43157,1,81c,ffdd0600,,0,1b
151,0,156857908,43159,1,81c,ffdd0600,,0,5b
152,0,156901212,43158,1,81c,ffdd0600,,0,30
153,0,156944515,43294,1,81c,ffdd0600,,0,6d
154,0,156987954,43159,1,81c,ffdd0600,,0,1b
155,0,157031258,43158,1,81c,ffdd0600,,0,5b
156,0,157074561,43159,1,81c,ffdd0600,,0,30
157,0,157117865,43157,1,81c,ffdd0600,,0,6d
158,0,157161167,43160,1,81c,ffdd0600,,0,1b
159,0,157204472,43294,1,81c,ffdd0600,,0,5b
160,0,157247911,43157,1,81c,ffdd0600,,0,33
161,0,157291213,43160,1,81c,ffdd0600,,0,33
162,0,157334518,43157,1,81c,ffdd0600,,0,6d
163,0,157377841,86499,1,81c,ffdd0600,,0,a
164,0,157465567,896,5,85,ffdd0600,,0,a
165,0,157466617,685,5,47,ffceb200,,0,a
166,0,157467767,200,1,817,ffceb200,,0,64
167,0,157468089,94,1,817,ffceb200,,0,64
168,0,157468301,100,1,817,ffceb200,,0,64
169,0,157468519,100,1,817,ffceb200,,0,64
170,0,157468737,94,1,817,ffceb200,,0,64
171,0,157468943,94,1,817,ffceb200,,0,64
172,0,157469149,94,1,817,ffceb200,,0,64
173,0,157469355,94,1,817,ffceb200,,0,64
174,0,157469562,94,1,817,ffceb200,,0,64
175,0,157469768,94,1,817,ffceb200,,0,64
176,0,157469974,94,1,817,ffceb200,,0,64
177,0,157470180,94,1,817,ffceb200,,0,64
178,0,157470386,94,1,817,ffceb200,,0,64
179,0,157470592,94,1,817,ffceb200,,0,64
180,0,157470798,94,1,817,ffceb200,,0,64
181,0,157471004,94,1,817,ffceb200,,0,64
182,0,157471210,94,1,817,ffceb200,,0,64
183,0,157471416,94,1,817,ffceb200,,0,64
184,0,157471622,94,1,817,ffceb200,,0,64
185,0,157471828,94,1,817,ffceb200,,0,64
186,0,157472034,94,1,817,ffceb200,,0,64
187,0,157472240,94,1,817,ffceb200,,0,64
188,0,157472446,94,1,817,ffceb200,,0,64
189,0,157472652,94,1,817,ffceb200,,0,64
190,0,157472858,94,1,817,ffceb200,,0,64
191,0,157473064,94,1,817,ffceb200,,0,64
192,0,157473270,94,1,817,ffceb200,,0,64
193,0,157473476,94,1,817,ffceb200,,0,64
194,0,157473682,94,1,817,ffceb200,,0,64
195,0,157473888,94,1,817,ffceb200,,0,64
196,0,157474094,94,1,817,ffceb200,,0,64
197,0,157474300,94,1,817,ffceb200,,0,64
198,0,157474506,94,1,817,ffceb200,,0,64
199,0,157474712,94,1,817,ffceb200,,0,64
200,0,157474918,94,1,817,ffceb200,,0,64
201,0,157475124,94,1,817,ffceb200,,0,64
202,0,157475330,94,1,817,ffceb200,,0,64
203,0,157475536,94,1,817,ffceb200,,0,64
204,0,157475742,94,1,817,ffceb200,,0,64
205,0,157475948,94,1,817,ffceb200,,0,64
206,0,157476154,94,1,817,ffceb200,,0,64
207,0,157476360,94,1,817,ffceb200,,0,64
208,0,157476566,94,1,817,ffceb200,,0,64
209,0,157476772,94,1,817,ffceb200,,0,64
210,0,157476978,94,1,817,ffceb200,,0,64
211,0,157477184,94,1,817,ffceb200,,0,64
212,0,157477390,94,1,817,ffceb200,,0,64
213,0,157477596,94,1,817,ffceb200,,0,64
214,0,157477802,94,1,817,ffceb200,,0,64
215,0,157478008,94,1,817,ffceb200,,0,64
216,0,157478214,94,1,817,ffceb200,,0,64
217,0,157478420,94,1,817,ffceb200,,0,64
218,0,157478626,94,1,817,ffceb200,,0,64
219,0,157478832,94,1,817,ffceb200,,0,64
220,0,157479068,94,1,817,ffceb200,,0,64
221,0,157479274,94,1,817,ffceb200,,0,64
222,0,157479480,94,1,817,ffceb200,,0,64
223,0,157479686,94,1,817,ffceb200,,0,64
224,0,157479892,94,1,817,ffceb200,,0,64
225,0,157480098,94,1,817,ffceb200,,0,64
226,0,157480304,94,1,817,ffceb200,,0,64
227,0,157480510,94,1,817,ffceb200,,0,64
228,0,157480716,94,1,817,ffceb200,,0,64
229,0,157480922,94,1,817,ffceb200,,0,64
230,0,157481128,94,1,817,ffceb200,,0,64
231,0,157481334,94,1,817,ffceb200,,0,64
232,0,157481540,94,1,817,ffceb200,,0,64
233,0,157481746,94,1,817,ffceb200,,0,64
234,0,157481952,94,1,817,ffceb200,,0,64
235,0,157482158,94,1,817,ffceb200,,0,64
236,0,157482364,94,1,817,ffceb200,,0,64
237,0,157482570,94,1,817,ffceb200,,0,64
238,0,157482776,94,1,817,ffceb200,,0,64
239,0,157482982,94,1,817,ffceb200,,0,64
240,0,157483188,94,1,817,ffceb200,,0,64
241,0,157483394,94,1,817,ffceb200,,0,64
242,0,157483600,94,1,817,ffceb200,,0,64
243,0,157483806,94,1,817,ffceb200,,0,64
244,0,157484012,94,1,817,ffceb200,,0,64
245,0,157484218,94,1,817,ffceb200,,0,64
246,0,157484424,94,1,817,ffceb200,,0,64
247,0,157484630,94,1,817,ffceb200,,0,64
248,0,157484836,94,1,817,ffceb200,,0,64
249,0,157485042,94,1,817,ffceb200,,0,64
250,0,157485248,94,1,817,ffceb200,,0,64
251,0,157485454,94,1,817,ffceb200,,0,64
252,0,157485660,94,1,817,ffceb200,,0,64
253,0,157485866,94,1,817,ffceb200,,0,64
254,0,157486072,94,1,817,ffceb200,,0,64
255,0,157486278,94,1,817,ffceb200,,0,64
256,0,157486484,94,1,817,ffceb200,,0,64
257,0,157486690,94,1,817,ffceb200,,0,64
258,0,157486896,94,1,817,ffceb200,,0,64
259,0,157487102,94,1,817,ffceb200,,0,64
260,0,157487308,94,1,817,ffceb200,,0,64
261,0,157487514,94,1,817,ffceb200,,0,64
262,0,157487720,94,1,817,ffceb200,,0,64
263,0,157487926,94,1,817,ffceb200,,0,64
264,0,157488132,94,1,817,ffceb200,,0,64
265,0,157488338,94,1,817,ffceb200,,0,64
266,0,157490081,1099,5,41,ffdd0600,,0,64
267,0,157493153,1407,5,85,ffdd0600,,0,64
268,0,157494707,691,5,47,ffceb200,,0,64
269,0,157495624,972,5,41,ffdd0600,,0,64
270,0,157497903,9822,1,81c,ffdd0600,,0,1b
271,0,157507876,43171,1,81c,ffdd0600,,0,5b
272,0,157551192,43158,1,81c,ffdd0600,,0,30
273,0,157594495,43159,1,81c,ffdd0600,,0,6d
274,0,157637799,43158,1,81c,ffdd0600,,0,1b
275,0,157681102,43158,1,81c,ffdd0600,,0,5b
276,0,157724405,43159,1,81c,ffdd0600,,0,30
277,0,157767709,43294,1,81c,ffdd0600,,0,6d
278,0,157811148,43158,1,81c,ffdd0600,,0,1b
279,0,157854451,43159,1,81c,ffdd0600,,0,5b
280,0,157897755,43158,1,81c,ffdd0600,,0,33
281,0,157941058,43158,1,81c,ffdd0600,,0,33
282,0,157985185,1303,0,1b,ffdd0600,,0,33
283,0,157986670,40883,1,81c,ffdd0600,,0,6d
284,0,158027698,43155,1,81c,ffdd0600,,0,31
285,0,158070998,43294,1,81c,ffdd0600,,0,30
286,0,158114437,43159,1,81c,ffdd0600,,0,30
287,0,158157741,43158,1,81c,ffdd0600,,0,20
288,0,158201044,43159,1,81c,ffdd0600,,0,6e
289,0,158244348,43158,1,81c,ffdd0600,,0,75
290,0,158287651,43158,1,81c,ffdd0600,,0,6c
291,0,158330954,43295,1,81c,ffdd0600,,0,6c
292,0,158374394,43158,1,81c,ffdd0600,,0,73
293,0,158417727,43159,1,81c,ffdd0600,,0,20
294,0,158461031,43113,1,81c,ffdd0600,,0,28
295,2,158504173,541,0,1b,ff106600,,0,28
296,3,158504747,297,0,1b,ff106a00,,0,28
297,1,158505075,293,0,1b,ff106200,,0,28
298,0,158505393,42077,1,81c,ffdd0600,,0,72
299,0,158547626,43155,1,81c,ffdd0600,,0,65
300,0,158590926,43158,1,81c,ffdd0600,,0,61
301,0,158634229,43294,1,81c,ffdd0600,,0,6c
302,0,158677668,43159,1,81c,ffdd0600,,0,29
303,0,158720972,43158,1,81c,ffdd0600,,0,3a
304,0,158764275,43159,1,81c,ffdd0600,,0,20
305,0,158807579,43157,1,81c,ffdd0600,,0,34
306,0,158850881,43160,1,81c,ffdd0600,,0,31
307,0,158894186,43294,1,81c,ffdd0600,,0,35
308,0,158937625,43157,1,81c,ffdd0600,,0,39
309,0,158980927,43160,1,81c,ffdd0600,,0,35
310,0,159024232,43157,1,81c,ffdd0600,,0,1b
311,0,159067534,43159,1,81c,ffdd0600,,0,5b
312,0,159110838,43158,1,81c,ffdd0600,,0,30
313,0,159154141,43294,1,81c,ffdd0600,,0,6d
314,0,159197580,43159,1,81c,ffdd0600,,0,1b
315,0,159240884,43158,1,81c,ffdd0600,,0,5b
316,0,159284187,43159,1,81c,ffdd0600,,0,30
317,0,159327491,43157,1,81c,ffdd0600,,0,6d
318,0,159370793,43160,1,81c,ffdd0600,,0,1b
319,0,159414098,43294,1,81c,ffdd0600,,0,5b
320,0,159457537,43157,1,81c,ffdd0600,,0,33
321,0,159500839,43160,1,81c,ffdd0600,,0,33
322,0,159544144,43157,1,81c,ffdd0600,,0,6d
323,0,159587489,86510,1,81c,ffdd0600,,0,a
324,0,159675159,939,5,85,ffdd0600,,0,a
325,0,159676237,713,5,47,ffceb200,,0,a
326,0,159677290,695,5,1b,ffceb200,,0,a
327,0,159678123,546,5,1b,ffceb200,,0,a
328,0,159678802,523,5,1b,ffceb200,,0,a
329,0,159679452,515,5,1b,ffceb200,,0,a
330,0,159680094,509,5,1b,ffceb200,,0,a
331,0,159680730,511,5,1b,ffceb200,,0,a
332,0,159681368,509,5,1b,ffceb200,,0,a
333,0,159682004,511,5,1b,ffceb200,,0,a
334,0,159682642,515,5,1b,ffceb200,,0,a
335,0,159683284,516,5,1b,ffceb200,,0,a
336,0,159683927,517,5,1b,ffceb200,,0,a
337,0,159684571,516,5,1b,ffceb200,,0,a
338,0,159685214,511,5,1b,ffceb200,,0,a
339,0,159685852,515,5,1b,ffceb200,,0,a
340,0,159686494,515,5,1b,ffceb200,,0,a
341,0,159687136,511,5,1b,ffceb200,,0,a
342,0,159687774,511,5,1b,ffceb200,,0,a
343,0,159688412,515,5,1b,ffceb200,,0,a
344,0,159689054,515,5,1b,ffceb200,,0,a
345,0,159689696,516,5,1b,ffceb200,,0,a
346,0,159690339,511,5,1b,ffceb200,,0,a
347,0,159690977,523,5,1b,ffceb200,,0,a
348,0,159691627,509,5,1b,ffceb200,,0,a
349,0,159692263,511,5,1b,ffceb200,,0,a
350,0,159692901,515,5,1b,ffceb200,,0,a
351,0,159693543,511,5,1b,ffceb200,,0,a
352,0,159694181,517,5,1b,ffceb200,,0,a
353,0,159694825,516,5,1b,ffceb200,,0,a
354,0,159695468,523,5,1b,ffceb200,,0,a
355,0,159696118,515,5,1b,ffceb200,,0,a
356,0,159696760,515,5,1b,ffceb200,,0,a
357,0,159697402,523,5,1b,ffceb200,,0,a
358,0,159698052,523,5,1b,ffceb200,,0,a
359,0,159698702,523,5,1b,ffceb200,,0,a
360,0,159699352,509,5,1b,ffceb200,,0,a
361,0,159699988,511,5,1b,ffceb200,,0,a
362,0,159700626,523,5,1b,ffceb200,,0,a
363,0,159701276,516,5,1b,ffceb200,,0,a
364,0,159701919,511,5,1b,ffceb200,,0,a
365,0,159702557,511,5,1b,ffceb200,,0,a
366,0,159703224,515,5,1b,ffceb200,,0,a
367,0,159703866,515,5,1b,ffceb200,,0,a
368,0,159704508,516,5,1b,ffceb200,,0,a
369,0,159705151,511,5,1b,ffceb200,,0,a
370,0,159705789,508,5,1b,ffceb200,,0,a
371,0,159706424,511,5,1b,ffceb200,,0,a
372,0,159707062,515,5,1b,ffceb200,,0,a
373,0,159707704,515,5,1b,ffceb200,,0,a
374,0,159708346,511,5,1b,ffceb200,,0,a
375,0,159708984,511,5,1b,ffceb200,,0,a
376,0,159709622,515,5,1b,ffceb200,,0,a
377,0,159710264,511,5,1b,ffceb200,,0,a
378,0,159710902,511,5,1b,ffceb200,,0,a
379,0,159711540,517,5,1b,ffceb200,,0,a
380,0,159712184,511,5,1b,ffceb200,,0,a
381,0,159712822,509,5,1b,ffceb200,,0,a
382,0,159713458,511,5,1b,ffceb200,,0,a
383,0,159714096,511,5,1b,ffceb200,,0,a
384,0,159714734,523,5,1b,ffceb200,,0,a
385,0,159715384,515,5,1b,ffceb200,,0,a
386,0,159716026,516,5,1b,ffceb200,,0,a
387,0,159716669,517,5,1b,ffceb200,,0,a
388,0,159717313,523,5,1b,ffceb200,,0,a
389,0,159717963,509,5,1b,ffceb200,,0,a
390,0,159718599,511,5,1b,ffceb200,,0,a
391,0,159719237,515,5,1b,ffceb200,,0,a
392,0,159719879,511,5,1b,ffceb200,,0,a
393,0,159720517,515,5,1b,ffceb200,,0,a
394,0,159721159,511,5,1b,ffceb200,,0,a
395,0,159721797,509,5,1b,ffceb200,,0,a
396,0,159722433,523,5,1b,ffceb200,,0,a
397,0,159723083,509,5,1b,ffceb200,,0,a
398,0,159723719,523,5,1b,ffceb200,,0,a
399,0,159724369,509,5,1b,ffceb200,,0,a
400,0,159725005,523,5,1b,ffceb200,,0,a
401,0,159725655,515,5,1b,ffceb200,,0,a
402,0,159726297,511,5,1b,ffceb200,,0,a
403,0,159726935,509,5,1b,ffceb200,,0,a
404,0,159727571,511,5,1b,ffceb200,,0,a
405,0,159728209,509,5,1b,ffceb200,,0,a
406,0,159728845,511,5,1b,ffceb200,,0,a
407,0,159729483,511,5,1b,ffceb200,,0,a
408,0,159730121,516,5,1b,ffceb200,,0,a
409,0,159730764,511,5,1b,ffceb200,,0,a
410,0,159731402,523,5,1b,ffceb200,,0,a
411,0,159732052,511,5,1b,ffceb200,,0,a
412,0,159732690,516,5,1b,ffceb200,,0,a
413,0,159733333,511,5,1b,ffceb200,,0,a
414,0,159733971,515,5,1b,ffceb200,,0,a
415,0,159734613,511,5,1b,ffceb200,,0,a
416,0,159735251,523,5,1b,ffceb200,,0,a
417,0,159735901,511,5,1b,ffceb200,,0,a
418,0,159736539,523,5,1b,ffceb200,,0,a
419,0,159737189,517,5,1b,ffceb200,,0,a
420,0,159737833,511,5,1b,ffceb200,,0,a
421,0,159738471,515,5,1b,ffceb200,,0,a
422,0,159739113,508,5,1b,ffceb200,,0,a
423,0,159739748,511,5,1b,ffceb200,,0,a
424,0,159740386,515,5,1b,ffceb200,,0,a
425,0,159741028,509,5,1b,ffceb200,,0,a
426,0,159743175,1116,5,41,ffdd0600,,0,a
427,0,159746183,933,5,85,ffdd0600,,0,a
428,0,159747266,684,5,47,ffceb200,,0,a
429,0,159748182,1011,5,41,ffdd0600,,0,a
430,0,159750478,313,1,81c,ffdd0600,,0,1b
431,0,159750948,43310,1,81c,ffdd0600,,0,5b
432,0,159794403,43166,1,81c,ffdd0600,,0,30
433,0,159837714,43166,1,81c,ffdd0600,,0,6d
434,0,159881025,43158,1,81c,ffdd0600,,0,1b
435,0,159924328,43158,1,81c,ffdd0600,,0,5b
436,0,159967631,43159,1,81c,ffdd0600,,0,30
437,0,160010935,43158,1,81c,ffdd0600,,0,6d
438,0,160054238,43294,1,81c,ffdd0600,,0,1b
439,0,160097709,43158,1,81c,ffdd0600,,0,5b
440,0,160141012,43158,1,81c,ffdd0600,,0,33
441,0,160184315,43159,1,81c,ffdd0600,,0,33
442,0,160227619,43158,1,81c,ffdd0600,,0,6d
443,0,160270922,43158,1,81c,ffdd0600,,0,31
444,0,160314225,43159,1,81c,ffdd0600,,0,30
445,0,160357529,43294,1,81c,ffdd0600,,0,30
446,0,160400968,43158,1,81c,ffdd0600,,0,20
447,0,160444271,43166,1,81c,ffdd0600,,0,79
448,0,160487582,43157,1,81c,ffdd0600,,0,69
449,0,160530884,43160,1,81c,ffdd0600,,0,65
450,0,160574206,678,0,1b,ffdd0600,,0,65
451,0,160575070,42352,1,81c,ffdd0600,,0,6c
452,0,160617567,43166,1,81c,ffdd0600,,0,64
453,0,160660878,43158,1,81c,ffdd0600,,0,73
454,0,160704181,43158,1,81c,ffdd0600,,0,20
455,0,160747484,43159,1,81c,ffdd0600,,0,28
456,0,160790788,43294,1,81c,ffdd0600,,0,72
457,0,160834227,43158,1,81c,ffdd0600,,0,65
458,0,160877530,43159,1,81c,ffdd0600,,0,61
459,0,160920834,43158,1,81c,ffdd0600,,0,6c
460,0,160964137,43158,1,81c,ffdd0600,,0,29
461,2,161007326,297,0,1b,ff106600,,0,29
462,3,161007654,295,0,1b,ff106a00,,0,29
463,1,161007977,294,0,1b,ff106200,,0,29
464,0,161008295,42349,1,81c,ffdd0600,,0,3a
465,0,161050800,43155,1,81c,ffdd0600,,0,20
466,0,161094100,43158,1,81c,ffdd0600,,0,31
467,0,161137404,43157,1,81c,ffdd0600,,0,32
468,0,161180706,43295,1,81c,ffdd0600,,0,38
469,0,161224146,43166,1,81c,ffdd0600,,0,37
470,0,161267457,43158,1,81c,ffdd0600,,0,36
471,0,161310760,43158,1,81c,ffdd0600,,0,37
472,0,161354063,43159,1,81c,ffdd0600,,0,1b
473,0,161397367,43158,1,81c,ffdd0600,,0,5b
474,0,161440670,43294,1,81c,ffdd0600,,0,30
475,0,161484109,43159,1,81c,ffdd0600,,0,6d
476,0,161527413,43158,1,81c,ffdd0600,,0,1b
477,0,161570716,43158,1,81c,ffdd0600,,0,5b
478,0,161614019,43159,1,81c,ffdd0600,,0,30
479,0,161657323,43158,1,81c,ffdd0600,,0,6d
480,0,161700626,43294,1,81c,ffdd0600,,0,1b
481,0,161744065,43159,1,81c,ffdd0600,,0,5b
482,0,161787369,43158,1,81c,ffdd0600,,0,33
483,0,161830672,43158,1,81c,ffdd0600,,0,33
484,0,161873975,43159,1,81c,ffdd0600,,0,6d
485,0,161917305,86513,1,81c,ffdd0600,,0,a
486,0,162004888,883,5,85,ffdd0600,,0,a
487,0,162005912,682,5,47,ffceb200,,0,a
