0,0,88788867712,584,ff01a400
1,0,88788870856,448,ff01a400
2,0,88788872444,1260,e0101400
3,0,88788876580,452,e0101400
4,0,88788878120,277392,e0101400
5,0,88789156388,291676,e0101400
6,0,88789448936,297060,e0101400
7,0,88789746860,291688,e0101400
8,0,88790039440,291644,e0101400
9,0,88790331976,296828,e0101400
10,0,88790629700,292060,e0101400
11,0,88790922680,291504,e0101400
12,0,88791215124,291696,e0101400
13,0,88791507728,296932,e0101400
14,0,88791805512,291288,e0101400
15,0,88792097640,297000,e0101400
16,0,88792395480,292512,e0101400
17,0,88792688868,290436,e0101400
18,0,88792980176,296668,e0101400
19,0,88793277708,291756,e0101400
20,0,88793570348,291448,e0101400
21,0,88793862676,297064,e0101400
22,0,88794160632,291252,e0101400
23,0,88794452776,291128,e0101400
24,0,88794744840,296088,e0101400
25,0,88795041868,292004,e0101400
26,0,88795334752,297068,e0101400
27,1,88795632792,732,e0268400
28,2,88795634544,712,e0268c00
29,3,88795636230,712,e0269400
30,0,88795637916,287952,e0101400
31,0,88795926908,291496,e0101400
32,0,88796219284,291656,e0101400
33,0,88796511832,297052,e0101400
34,0,88796809776,291540,e0101400
35,0,88797102556,792,e0101400
36,0,88797104480,288156,e0101400
37,0,88797393576,588212,e0101400
38,0,88797983288,812,e0101400
39,0,88797984948,964,ff01a400
40,0,88797987744,820,ff01a400
41,0,88797991104,452,ff01a400
42,0,88797992692,1372,e0101400
43,0,88797996928,452,e0101400
44,0,88797998488,277156,e0101400
45,0,88798276504,296876,e0101400
46,0,88798574264,291664,e0101400
47,0,88798866820,291736,e0101400
48,0,88799159448,296028,e0101400
49,0,88799456408,291616,e0101400
50,0,88799748952,297020,e0101400
51,0,88800046912,291188,e0101400
52,0,88800338980,291536,e0101400
53,0,88800631376,297100,e0101400
54,0,88800929340,291156,e0101400
55,0,88801221340,291376,e0101400
56,0,88801513556,296896,e0101400
57,0,88801811312,291280,e0101400
58,0,88802103452,291768,e0101400
59,0,88802396156,296904,e0101400
60,0,88802693992,291620,e0101400
61,0,88802986520,295588,e0101400
62,0,88803282996,292056,e0101400
63,0,88803575940,291344,e0101400
64,0,88803868176,296856,e0101400
65,0,88804165896,291548,e0101400
66,0,88804458320,291772,e0101400
67,0,88804750976,297376,e0101400
68,0,88805049204,290856,e0101400
69,0,88805340896,291292,e0101400
70,0,88805633036,297300,e0101400
71,0,88805931216,292164,e0101400
72,0,88806224320,291076,e0101400
73,0,88806516324,297024,e0101400
74,0,88806814244,291640,e0101400
75,0,88807106768,291652,e0101400
76,0,88807399316,588372,e0101400
77,0,88807989064,936,e0101400
78,0,88807990868,1028,f7fc1400
79,0,88807994776,452,f7fc1400
80,0,88807996972,2072,f7fc1400
81,0,88807999860,1232,f7fc1400
82,0,88808001920,1432,f7fc1400
83,0,88808004980,2020,f7fc1400
84,0,88808007896,944,f7fc1400
85,0,88808009748,1204,f7fc1400
86,1,88808011984,1868,f7fc2400
87,0,88808014804,2048,f7fc1400
88,1,88808017816,744,f7fc2400
89,0,88808019512,980,f7fc1400
90,0,88808021636,852,f7fc1400
91,2,88808023424,1912,f7fc2c00
92,0,88808026256,2172,f7fc1400
93,2,88808029396,760,f7fc2c00
94,0,88808031084,944,f7fc1400
95,0,88808032908,912,f7fc1400
96,3,88808034766,1916,f7fc3400
97,0,88808037600,924,f7fc1400
98,3,88808039570,844,f7fc3400
99,0,88808041336,1980,f7fc1400
100,0,88808044292,796,f7fc1400
101,0,88808045964,904,f7fc1400
102,0,88808050160,2436,f7fc1400
103,0,88808053484,720,f7fc1400
104,0,88808055356,1032,ff01a400
105,0,88808058280,860,f7fc3c00
106,0,88815209096,2004,f7fc1400
107,0,88815213764,836,f7fc1400
108,0,88815215512,1892,f7fc1400
109,0,88815218280,916,f7fc1400
110,0,88815220024,856,f7fc1400
111,0,88815222280,2404,f7fc1400
112,0,88815225524,628,f7fc1400
113,0,88815227380,1012,f7fc1c00
114,0,88819229836,1392,f7fc1400
115,1,88819234548,864,e0268400
116,0,88819234548,1592,f7fc1400
117,1,88819237200,1084,e0268400
118,0,88819239228,2036,f7fc1400
119,0,88819242216,900,f7fc1400
120,0,88819244036,964,f7fc1400
121,1,88819245984,1768,f7fc4400
122,0,88819248704,2124,f7fc1400
123,1,88819251744,584,f7fc4400
124,0,88819253256,1148,f7fc1400
125,0,88819255644,900,f7fc1c00
126,0,88829055088,1556,f7fc1400
127,3,88829059854,836,e0269400
128,0,88829059854,1402,f7fc1400
129,3,88829062462,1256,e0269400
130,0,88829064632,2020,f7fc1400
131,0,88829067580,896,f7fc1400
132,0,88829069380,1016,f7fc1400
133,3,88829071442,1788,f7fc4c00
134,0,88829074132,1920,f7fc1400
135,3,88829077030,608,f7fc4c00
136,0,88829078672,796,f7fc1400
137,0,88829080684,844,f7fc1c00
138,0,88842116980,1384,f7fc1400
139,3,88842122434,756,e0269400
140,0,88842122434,1342,f7fc1400
141,3,88842124798,916,e0269400
142,0,88842126636,2304,f7fc1400
143,0,88842129872,800,f7fc1400
144,0,88842131544,1212,f7fc1400
145,3,88842133794,1804,f7fc2400
146,0,88842136516,1936,f7fc1400
147,3,88842139494,572,f7fc2400
148,0,88842140996,748,f7fc1400
149,0,88842142920,828,f7fc1c00
150,0,88852360556,1392,f7fc1400
151,0,88852365092,1520,f7fc1400
152,2,88852367652,1120,e0268c00
153,0,88852369672,2080,f7fc1400
154,0,88852372684,840,f7fc1400
155,2,88852374608,1064,f7fc4c00
156,2,88852377972,864,e0268c00
157,0,88852377972,1712,f7fc1400
158,2,88852380756,820,f7fc4c00
159,0,88852382472,1932,f7fc1400
160,0,88852385364,780,f7fc1400
161,0,88852387296,860,f7fc1c00
162,0,88853322928,1236,f7fc1400
163,0,88853327314,1462,f7fc1400
164,3,88853329810,1048,e0269400
165,0,88853331792,1916,f7fc1400
166,0,88853334624,876,f7fc1400
167,0,88853336404,928,f7fc1400
168,3,88853338382,1808,f7fc5400
169,0,88853341092,420,f7fc1400
170,3,88853342526,548,f7fc5400
171,0,88853344000,1916,f7fc1400
172,0,88853346848,752,f7fc1400
173,0,88853348744,860,f7fc1c00
174,0,88876187180,1360,f7fc1400
175,0,88876192246,1350,f7fc1400
176,3,88876194630,888,e0269400
177,0,88876196456,2012,f7fc1400
178,0,88876199380,820,f7fc1400
179,0,88876201028,1224,f7fc1400
180,3,88876203270,1864,f7fc2400
181,0,88876206048,1936,f7fc1400
182,3,88876209022,524,f7fc2400
183,0,88876210456,788,f7fc1400
184,0,88876212476,832,f7fc1c00
185,0,88887368488,1248,f7fc1400
186,0,88887372734,1234,f7fc1400
187,0,88887375080,2292,f7fc1400
188,3,88887378362,972,e0269400
189,0,88887380256,876,f7fc1400
190,0,88887382032,1108,f7fc1400
191,3,88887384098,1652,f7fc5400
192,0,88887386684,1932,f7fc1400
193,3,88887389682,532,f7fc5400
194,0,88887391096,724,f7fc1400
195,0,88887393084,828,f7fc1c00
196,0,88900772716,1420,f7fc1400
197,0,88900775932,656,f7fc1400
198,0,88900777496,1900,f7fc1400
199,0,88900780236,776,f7fc1400
200,0,88900781872,928,f7fc1400
201,0,88900784212,2204,f7fc1400
202,0,88900787244,524,f7fc1400
203,0,88900788880,876,f7fc5c00
204,0,88910244912,1336,f7fc1400
205,0,88910248544,596,f7fc1400
206,0,88910250048,1908,f7fc1400
207,0,88910252804,784,f7fc1400
208,0,88910254432,1004,f7fc1400
209,0,88910256728,2256,f7fc1400
210,0,88910259816,484,f7fc1400
211,0,88910261420,868,f7fc2400
212,0,88921417448,1164,f7fc1400
213,0,88921420376,564,f7fc1400
214,0,88921421864,1840,f7fc1400
215,0,88921424604,584,f7fc1400
216,0,88921426068,688,f7fc1400
217,0,88921428120,1868,f7fc1400
218,0,88921430880,760,f7fc1400
219,0,88921432776,984,f7fc5c00
220,0,88944271192,1188,f7fc1400
221,0,88944274388,564,f7fc1400
222,0,88944275784,1816,f7fc1400
223,0,88944278424,576,f7fc1400
224,0,88944279824,564,f7fc1400
225,0,88944284010,1426,f7fc1400
226,3,88944286522,1076,e0269400
227,0,88944288512,2000,f7fc1400
228,0,88944291444,580,f7fc1400
229,0,88944292892,668,f7fc1400
230,0,88944294924,1920,f7fc1400
231,0,88944297696,744,f7fc1400
232,0,88944299588,868,f7fc2400
233,3,88948844870,712,e0269400
234,0,88951450560,1228,f7fc1400
235,0,88951453560,660,f7fc1400
236,0,88951455076,1916,f7fc1400
237,0,88951457824,800,f7fc1400
238,3,88951459734,1164,f7fc5400
239,3,88951463166,756,e0269400
240,0,88951463166,1846,f7fc1400
241,3,88951466366,788,f7fc5400
242,0,88951468072,1920,f7fc1400
243,0,88951470956,736,f7fc1400
244,0,88951472832,920,f7fc2400
245,0,88955475248,1192,f7fc1400
246,0,88955478184,528,f7fc1400
247,0,88955479896,1848,f7fc1400
248,0,88955482568,672,f7fc1400
249,0,88955484060,648,f7fc1400
250,0,88955486192,424,f7fc1400
251,0,88955487868,1872,f7fc1400
252,0,88955490656,764,f7fc1400
253,0,88955492604,860,f7fc5c00
254,0,88978331032,1196,f7fc1400
255,0,88978334240,572,f7fc1400
256,0,88978335696,1808,f7fc1400
257,0,88978338328,572,f7fc1400
258,0,88978339724,556,f7fc1400
259,0,88978343278,1306,f7fc1400
260,3,88978345586,936,e0269400
261,0,88978347456,2240,f7fc1400
262,0,88978350600,792,f7fc1400
263,0,88978352244,1216,f7fc1400
264,3,88978354454,1660,f7fc3400
265,0,88978357036,2052,f7fc1400
266,3,88978360086,528,f7fc3400
267,0,88978361532,832,f7fc1400
268,0,88978363644,836,f7fc2400
269,0,88989519684,1388,f7fc1400
270,0,88989522656,556,f7fc1400
271,0,88989524048,1904,f7fc1400
272,0,88989526772,800,f7fc1400
273,0,88989528424,1204,f7fc1400
274,0,88989531052,2160,f7fc1400
275,0,88989534072,484,f7fc1400
276,0,88989535704,856,f7fc5400
277,0,88999335144,1284,f7fc1400
278,3,88999339490,780,e0269400
279,0,88999339490,1358,f7fc1400
280,3,88999341910,888,e0269400
281,0,88999343716,2040,f7fc1400
282,0,88999346672,576,f7fc1400
283,0,88999348072,592,f7fc1400
284,0,88999350116,1872,f7fc1400
285,0,88999352816,768,f7fc1400
286,0,88999354732,852,f7fc5400
287,0,89012390976,1356,f7fc1400
288,0,89012394272,660,f7fc1400
289,0,89012395840,1844,f7fc1400
290,0,89012398564,536,f7fc1400
291,0,89012399972,596,f7fc1400
292,0,89012402176,560,f7fc1400
293,0,89012403660,1840,f7fc1400
294,0,89012406416,824,f7fc1400
295,0,89012408084,964,f7fc1400
296,0,89012410268,2156,f7fc1400
297,0,89012413252,488,f7fc1400
298,0,89012414856,848,f7fc2c00
299,3,89013716010,636,e0269400
300,0,89023570972,1120,f7fc1400
301,0,89023573708,592,f7fc1400
302,0,89023575180,1816,f7fc1400
303,0,89023577872,532,f7fc1400
304,0,89023579284,560,f7fc1400
305,0,89023581296,1916,f7fc1400
306,0,89023584128,732,f7fc1400
307,0,89023586060,848,f7fc2c00
308,3,89030713950,636,e0269400
309,0,89046424628,1168,f7fc1400
310,0,89046428020,592,f7fc1400
311,0,89046429496,1844,f7fc1400
312,0,89046432208,580,f7fc1400
313,0,89046433668,556,f7fc1400
314,0,89046435392,2108,f7fc1400
315,0,89046438360,740,f7fc1400
316,0,89046440244,852,f7fc2c00
317,3,89047711910,636,e0269400
318,0,89056657964,1240,f7fc1400
319,0,89056660804,560,f7fc1400
320,0,89056662192,1940,f7fc1400
321,0,89056665052,532,f7fc1400
322,0,89056666508,576,f7fc1400
323,0,89056668664,1900,f7fc1400
324,0,89056671792,780,f7fc1400
325,0,89056673972,424,f7fc1400
326,0,89056675468,932,f7fc5400
327,0,89057611112,1232,f7fc1400
328,0,89057613956,568,f7fc1400
329,0,89057615380,1840,f7fc1400
330,0,89057618052,580,f7fc1400
331,0,89057619460,560,f7fc1400
332,0,89057621404,1908,f7fc1400
333,0,89057624152,748,f7fc1400
334,0,89057626100,868,f7fc5400
335,3,89064709754,676,e0269400
336,0,89080464652,1116,f7fc1400
337,0,89080467696,560,f7fc1400
338,0,89080469136,1868,f7fc1400
339,0,89080471876,580,f7fc1400
340,0,89080473300,548,f7fc1400
341,0,89080475264,592,f7fc1400
342,0,89080476716,1924,f7fc1400
343,0,89080479468,540,f7fc1400
344,0,89080480836,584,f7fc1400
345,0,89080482592,1864,f7fc1400
346,0,89080485308,740,f7fc1400
347,0,89080487256,928,f7fc3c00
348,3,89081707686,632,e0269400
349,0,89087638152,1196,f7fc1400
350,0,89087641012,564,f7fc1400
351,0,89087642460,1980,f7fc1400
352,0,89087645312,536,f7fc1400
353,0,89087646704,588,f7fc1400
354,0,89087648580,1868,f7fc1400
355,0,89087651308,740,f7fc1400
356,0,89087653172,860,f7fc5400
357,0,89091655584,1124,f7fc1400
358,0,89091658212,556,f7fc1400
359,0,89091659604,1980,f7fc1400
360,0,89091662456,544,f7fc1400
361,0,89091663884,556,f7fc1400
362,0,89091666000,1880,f7fc1400
363,0,89091668792,748,f7fc1400
364,0,89091670744,860,f7fc5400
365,3,89098705502,636,e0269400
366,0,89114509288,1108,f7fc1400
367,0,89114512576,592,f7fc1400
368,0,89114514008,1840,f7fc1400
369,0,89114516708,536,f7fc1400
370,0,89114518092,552,f7fc1400
371,0,89114520104,556,f7fc1400
372,0,89114521544,1824,f7fc1400
373,0,89114524236,540,f7fc1400
374,0,89114525644,576,f7fc1400
375,0,89114527576,2088,f7fc1400
376,0,89114530596,744,f7fc1400
377,0,89114532548,864,f7fc2400
378,3,89115703442,636,e0269400
379,0,89125688640,1164,f7fc1400
380,0,89125691428,564,f7fc1400
381,0,89125692816,1988,f7fc1400
382,0,89125695652,536,f7fc1400
383,0,89125697036,588,f7fc1400
384,0,89125699048,1896,f7fc1400
385,0,89125701836,888,f7fc1400
386,0,89125703888,936,f7fc5400
387,3,89132701286,676,e0269400
388,0,89148542452,1112,f7fc1400
389,0,89148545700,620,f7fc1400
390,0,89148547244,1856,f7fc1400
391,0,89148549948,540,f7fc1400
392,0,89148551312,576,f7fc1400
393,0,89148555172,1524,f7fc1400
394,2,89148557672,1040,e0268c00
395,0,89148559628,2128,f7fc1400
396,0,89148562668,900,f7fc1400
397,2,89148564596,1088,f7fc3400
398,2,89148567920,856,e0268c00
399,0,89148567920,1772,f7fc1400
400,2,89148571180,848,f7fc3400
401,0,89148572968,388,f7fc1400
402,0,89148574784,2040,f7fc1400
403,0,89148577744,792,f7fc1400
404,0,89148579660,872,f7fc2400
405,3,89149699258,668,e0269400
406,0,89159735820,1116,f7fc1400
407,0,89159738728,544,f7fc1400
408,0,89159740132,2268,f7fc1400
409,0,89159743256,808,f7fc1400
410,0,89159744912,1308,f7fc1400
411,0,89159747632,2272,f7fc1400
412,0,89159750788,484,f7fc1400
413,0,89159752432,856,f7fc4c00
414,3,89166697230,672,e0269400
415,0,89169551952,1320,f7fc1400
416,0,89169556324,1404,f7fc1400
417,2,89169558824,956,e0268c00
418,0,89169560692,1856,f7fc1400
419,0,89169563460,536,f7fc1400
420,0,89169564844,576,f7fc1400
421,0,89169566808,2036,f7fc1400
422,0,89169569712,760,f7fc1400
423,0,89169571616,856,f7fc4c00
424,2,89174153924,672,e0268c00
425,0,89182607936,1152,f7fc1400
426,0,89182611168,596,f7fc1400
427,0,89182612680,1888,f7fc1400
428,0,89182615484,544,f7fc1400
429,0,89182616916,556,f7fc1400
430,0,89182618644,1968,f7fc1400
431,0,89182621436,752,f7fc1400
432,0,89182623300,860,f7fc4c00
433,3,89183695222,640,e0269400
434,2,89191151808,792,e0268c00
435,0,89193779524,1228,f7fc1400
436,0,89193782392,596,f7fc1400
437,0,89193783868,1856,f7fc1400
438,0,89193786592,536,f7fc1400
439,0,89193788008,552,f7fc1400
440,0,89193790076,1892,f7fc1400
441,0,89193792892,744,f7fc1400
442,0,89193794784,856,f7fc4c00
443,0,89200020824,1384,f7fc1400
444,0,89200023740,556,f7fc1400
445,0,89200025128,1844,f7fc1400
446,0,89200027820,532,f7fc1400
447,0,89200029216,548,f7fc1400
448,0,89200031160,1896,f7fc1400
449,0,89200033936,780,f7fc1400
450,0,89200035880,852,f7fc4c00
451,3,89200693182,676,e0269400
452,2,89208149756,656,e0268c00
453,0,89216645640,1340,f7fc1400
454,0,89216649200,592,f7fc1400
455,0,89216650644,1840,f7fc1400
456,0,89216653300,588,f7fc1400
457,0,89216654700,556,f7fc1400
458,0,89216656760,560,f7fc1400
459,0,89216658184,1944,f7fc1400
460,0,89216660988,536,f7fc1400
461,0,89216662376,560,f7fc1400
462,0,89216664672,552,f7fc1400
463,0,89216666156,1820,f7fc1400
464,0,89216668896,540,f7fc1400
465,0,89216670296,588,f7fc1400
466,0,89216672148,1864,f7fc1400
467,0,89216674892,744,f7fc1400
468,0,89216676784,856,f7fc3c00
469,3,89217691070,636,e0269400
470,0,89223827816,1160,f7fc1400
471,0,89223830772,560,f7fc1400
472,0,89223832164,1844,f7fc1400
473,0,89223834832,540,f7fc1400
474,0,89223836216,592,f7fc1400
475,0,89223838352,1936,f7fc1400
476,0,89223841552,756,f7fc1400
477,0,89223843716,424,f7fc1400
478,0,89223845212,924,f7fc4c00
479,2,89225147680,660,e0268c00
480,0,89227847784,1216,f7fc1400
481,0,89227850680,560,f7fc1400
482,0,89227852100,1832,f7fc1400
483,0,89227854780,592,f7fc1400
484,0,89227856200,560,f7fc1400
485,0,89227858112,1872,f7fc1400
486,0,89227860808,744,f7fc1400
487,0,89227862704,908,f7fc4c00
488,3,89234689062,672,e0269400
489,2,89242145632,664,e0268c00
490,0,89250701264,1176,f7fc1400
491,0,89250704396,556,f7fc1400
492,0,89250705832,1852,f7fc1400
493,0,89250708536,536,f7fc1400
494,0,89250709928,560,f7fc1400
495,0,89250711696,1964,f7fc1400
496,0,89250714524,740,f7fc1400
497,0,89250716380,924,f7fc4c00
498,3,89251686970,672,e0269400
499,2,89259143596,660,e0268c00
500,0,89260934084,1176,f7fc1400
501,0,89260936964,604,f7fc1400
502,0,89260938492,1820,f7fc1400
503,0,89260941180,536,f7fc1400
504,0,89260942584,556,f7fc1400
505,0,89260944472,2172,f7fc1400
506,0,89260947488,736,f7fc1400
507,0,89260949368,860,f7fc4c00
508,0,89261884980,1168,f7fc1400
509,0,89261887676,560,f7fc1400
510,0,89261889068,1844,f7fc1400
511,0,89261891740,536,f7fc1400
512,0,89261893100,552,f7fc1400
513,0,89261894912,1896,f7fc1400
514,0,89261897636,828,f7fc1400
515,0,89261899576,856,f7fc4c00
516,3,89268684918,632,e0269400
517,2,89276141496,652,e0268c00
518,0,89284738148,1120,f7fc1400
519,0,89284741148,560,f7fc1400
520,0,89284742580,2032,f7fc1400
521,0,89284745492,540,f7fc1400
522,0,89284746900,560,f7fc1400
523,0,89284748728,1900,f7fc1400
524,0,89284751548,756,f7fc1400
525,0,89284753476,852,f7fc4c00
526,3,89285682906,644,e0269400
527,2,89293139444,660,e0268c00
528,0,89295909632,1160,f7fc1400
529,0,89295912436,596,f7fc1400
530,0,89295913888,2100,f7fc1400
531,0,89295916836,532,f7fc1400
532,0,89295918224,688,f7fc1400
533,0,89295920312,1876,f7fc1400
534,0,89295923064,756,f7fc1400
535,0,89295924984,856,f7fc4c00
536,3,89302680830,672,e0269400
537,2,89310137408,660,e0268c00
538,0,89318763492,1168,f7fc1400
539,0,89318766524,556,f7fc1400
540,0,89318767912,1888,f7fc1400
541,0,89318770620,572,f7fc1400
542,0,89318772044,556,f7fc1400
543,0,89318774044,572,f7fc1400
544,0,89318775472,1968,f7fc1400
545,0,89318778316,832,f7fc1400
546,0,89318780016,1112,f7fc1400
547,2,89318782112,1696,f7fc3400
548,0,89318784740,2000,f7fc1400
549,2,89318787808,556,f7fc3400
550,0,89318789308,736,f7fc1400
551,0,89318791232,828,f7fc4c00
552,3,89319678794,668,e0269400
553,0,89329947340,1116,f7fc1400
554,0,89329950068,560,f7fc1400
555,0,89329951480,1856,f7fc1400
556,0,89329954200,744,f7fc1400
557,0,89329956156,584,f7fc1400
558,0,89329958264,424,f7fc1400
559,0,89329959968,1872,f7fc1400
560,0,89329962716,752,f7fc1400
561,0,89329964676,876,f7fc4c00
562,3,89336676650,680,e0269400
563,0,89339764216,1308,f7fc1400
564,0,89339768500,1412,f7fc1400
565,2,89339771040,920,e0268c00
566,0,89339772868,1900,f7fc1400
567,0,89339775660,576,f7fc1400
568,0,89339777064,576,f7fc1400
569,0,89339779084,1868,f7fc1400
570,0,89339781796,752,f7fc1400
571,0,89339783752,908,f7fc4c00
572,2,89348124124,664,e0268c00
573,0,89352820120,1388,f7fc1400
574,0,89352823352,564,f7fc1400
575,0,89352824788,1848,f7fc1400
576,0,89352827508,536,f7fc1400
577,0,89352828900,560,f7fc1400
578,0,89352830860,564,f7fc1400
579,0,89352832280,1824,f7fc1400
580,0,89352834928,544,f7fc1400
581,0,89352836292,564,f7fc1400
582,0,89352838040,1904,f7fc1400
583,0,89352840812,744,f7fc1400
584,0,89352842752,856,f7fc4c00
585,3,89353674634,644,e0269400
586,0,89359993672,1112,f7fc1400
587,0,89359996400,552,f7fc1400
588,0,89359997828,1924,f7fc1400
589,0,89360000608,588,f7fc1400
590,0,89360002060,556,f7fc1400
591,0,89360003996,1936,f7fc1400
592,0,89360006800,740,f7fc1400
593,0,89360008644,852,f7fc4c00
594,0,89364011088,1112,f7fc1400
595,0,89364013724,660,f7fc1400
596,0,89364015284,1852,f7fc1400
597,0,89364018060,540,f7fc1400
598,0,89364019520,552,f7fc1400
599,0,89364021396,1900,f7fc1400
600,0,89364024184,744,f7fc1400
601,0,89364026096,904,f7fc4c00
602,2,89365122112,672,e0268c00
603,3,89370672518,672,e0269400
604,2,89382120072,644,e0268c00
605,0,89386864636,1112,f7fc1400
606,0,89386867548,568,f7fc1400
607,0,89386868944,1828,f7fc1400
608,0,89386871592,536,f7fc1400
609,0,89386873044,560,f7fc1400
610,0,89386874872,1896,f7fc1400
611,0,89386877692,744,f7fc1400
612,0,89386879608,860,f7fc4c00
613,3,89387670486,644,e0269400
614,0,89398035768,1112,f7fc1400
615,0,89398038576,560,f7fc1400
616,0,89398040060,1816,f7fc1400
617,0,89398042780,540,f7fc1400
618,0,89398044208,560,f7fc1400
619,0,89398046116,1884,f7fc1400
620,0,89398048880,736,f7fc1400
621,0,89398050764,864,f7fc4c00
622,2,89399117996,672,e0268c00
623,3,89404668434,672,e0269400
624,2,89416115948,652,e0268c00
625,0,89420889360,1164,f7fc1400
626,0,89420892440,568,f7fc1400
627,0,89420893840,1852,f7fc1400
628,0,89420896580,540,f7fc1400
629,0,89420898040,560,f7fc1400
630,0,89420900184,564,f7fc1400
631,0,89420901632,1832,f7fc1400
632,0,89420904332,532,f7fc1400
633,0,89420905732,564,f7fc1400
634,0,89420907820,568,f7fc1400
635,0,89420909576,1844,f7fc1400
636,0,89420912268,680,f7fc1400
637,0,89420913788,564,f7fc1400
638,0,89420915664,388,f7fc1400
639,0,89420917200,1896,f7fc1400
640,0,89420919916,744,f7fc1400
641,0,89420921864,1080,f7fc2c00
642,3,89421666390,648,e0269400
643,0,89432077976,1112,f7fc1400
644,0,89432080852,568,f7fc1400
645,0,89432082304,1940,f7fc1400
646,0,89432085116,532,f7fc1400
647,0,89432086480,556,f7fc1400
648,0,89432088412,1888,f7fc1400
649,0,89432091156,744,f7fc1400
650,0,89432093020,864,f7fc2c00
651,2,89433113924,656,e0268c00
652,3,89438664294,664,e0269400
653,2,89450111868,652,e0268c00
654,0,89454931524,1108,f7fc1400
655,0,89454934916,560,f7fc1400
656,0,89454936400,1868,f7fc1400
657,0,89454939140,540,f7fc1400
658,0,89454940556,560,f7fc1400
659,0,89454942328,1880,f7fc1400
660,0,89454945068,752,f7fc1400
661,0,89454946952,856,f7fc2c00
662,3,89455662238,668,e0269400
663,0,89465164764,1220,f7fc1400
664,0,89465167700,600,f7fc1400
665,0,89465169132,1824,f7fc1400
666,0,89465171780,540,f7fc1400
667,0,89465173196,580,f7fc1400
668,0,89465175180,1880,f7fc1400
669,0,89465177928,732,f7fc1400
670,0,89465179864,860,f7fc4c00
671,0,89466115500,1096,f7fc1400
672,0,89466118288,560,f7fc1400
673,0,89466119668,1852,f7fc1400
674,0,89466122352,536,f7fc1400
675,0,89466123716,564,f7fc1400
676,0,89466125576,1904,f7fc1400
677,0,89466128336,744,f7fc1400
678,0,89466130224,864,f7fc4c00
679,2,89467109792,664,e0268c00
680,3,89472660210,672,e0269400
681,2,89484107756,648,e0268c00
682,0,89488968764,1164,f7fc1400
683,0,89488971968,560,f7fc1400
684,0,89488973452,1860,f7fc1400
685,0,89488976200,532,f7fc1400
686,0,89488977552,556,f7fc1400
687,0,89488979676,584,f7fc1400
688,0,89488981092,1916,f7fc1400
689,0,89488983860,792,f7fc1400
690,0,89488985504,1092,f7fc1400
691,0,89488989792,1416,f7fc1400
692,1,89488992356,1016,e0268400
693,0,89488994320,2128,f7fc1400
694,0,89488997392,532,f7fc1400
695,0,89488998808,576,f7fc1400
696,0,89489000596,2164,f7fc1400
697,0,89489003676,492,f7fc1400
698,0,89489005324,856,f7fc3400
699,3,89489658150,676,e0269400
700,1,89493602236,724,e0268400
701,0,89496156320,1184,f7fc1400
702,0,89496159296,588,f7fc1400
703,0,89496160740,1920,f7fc1400
704,0,89496163512,836,f7fc1400
705,0,89496165220,1380,f7fc1400
706,1,89496167568,1680,f7fc4400
707,0,89496170200,2128,f7fc1400
708,1,89496173312,596,f7fc4400
709,0,89496174884,784,f7fc1400
710,0,89496176964,836,f7fc3400
711,0,89500179388,1132,f7fc1400
712,0,89500182216,620,f7fc1400
713,0,89500183668,2088,f7fc1400
714,0,89500186576,536,f7fc1400
715,0,89500187960,552,f7fc1400
716,0,89500189768,1896,f7fc1400
717,0,89500192864,752,f7fc1400
718,0,89500194988,388,f7fc1400
719,0,89500196428,860,f7fc3400
720,2,89501105732,708,e0268c00
721,0,89506422552,1232,f7fc1400
722,0,89506425540,580,f7fc1400
723,0,89506426948,1820,f7fc1400
724,0,89506429664,528,f7fc1400
725,0,89506431112,552,f7fc1400
726,0,89506433056,1876,f7fc1400
727,0,89506435808,752,f7fc1400
728,0,89506437728,908,f7fc3400
729,3,89506656074,648,e0269400
730,0,89510008432,1212,f7fc1400
731,0,89510011300,596,f7fc1400
732,0,89510012760,1824,f7fc1400
733,0,89510015428,568,f7fc1400
734,0,89510016812,584,f7fc1400
735,0,89510018952,1900,f7fc1400
736,0,89510021684,740,f7fc1400
737,0,89510023636,856,f7fc5c00
738,2,89518103696,672,e0268c00
739,0,89523060000,1300,f7fc1400
740,0,89523063388,592,f7fc1400
741,0,89523064852,1924,f7fc1400
742,0,89523067656,620,f7fc1400
743,0,89523069120,608,f7fc1400
744,0,89523070944,1880,f7fc1400
745,0,89523073680,752,f7fc1400
746,0,89523075540,860,f7fc2400
747,3,89523654006,680,e0269400
748,0,89534231716,1112,f7fc1400
749,0,89534234456,600,f7fc1400
750,0,89534235976,1860,f7fc1400
751,0,89534238744,532,f7fc1400
752,0,89534240192,588,f7fc1400
753,0,89534242304,1892,f7fc1400
754,0,89534245072,752,f7fc1400
755,0,89534246988,856,f7fc5c00
756,2,89535101628,660,e0268c00
757,3,89540651978,672,e0269400
758,2,89552099568,652,e0268c00
759,0,89557085568,1116,f7fc1400
760,0,89557088560,592,f7fc1400
761,0,89557089992,1852,f7fc1400
762,0,89557092684,540,f7fc1400
763,0,89557094136,584,f7fc1400
764,0,89557095964,2052,f7fc1400
765,0,89557098912,732,f7fc1400
766,0,89557100800,868,f7fc2400
767,3,89557649946,668,e0269400
768,0,89568256912,1164,f7fc1400
769,0,89568259560,604,f7fc1400
770,0,89568260996,1852,f7fc1400
771,0,89568263668,548,f7fc1400
772,0,89568265060,584,f7fc1400
773,0,89568267012,1896,f7fc1400
774,0,89568269772,736,f7fc1400
775,0,89568271644,856,f7fc5c00
776,2,89569097528,664,e0268c00
777,3,89574647902,668,e0269400
778,2,89586095484,644,e0268c00
779,0,89591110220,1156,f7fc1400
780,0,89591113612,588,f7fc1400
781,0,89591115096,1856,f7fc1400
782,0,89591117776,540,f7fc1400
783,0,89591119140,556,f7fc1400
784,0,89591120836,1900,f7fc1400
785,0,89591123600,864,f7fc1400
786,0,89591125608,872,f7fc2400
787,3,89591645842,672,e0269400
788,0,89602281756,1140,f7fc1400
789,0,89602284468,560,f7fc1400
790,0,89602285904,1808,f7fc1400
791,0,89602288584,540,f7fc1400
792,0,89602290028,560,f7fc1400
793,0,89602291976,1904,f7fc1400
794,0,89602294748,740,f7fc1400
795,0,89602296612,856,f7fc5c00
796,2,89603093436,664,e0268c00
797,3,89608643814,672,e0269400
798,2,89620091376,652,e0268c00
799,0,89625135216,1168,f7fc1400
800,0,89625137868,388,f7fc1400
801,0,89625140100,564,f7fc1400
802,0,89625141540,1812,f7fc1400
803,0,89625144220,536,f7fc1400
804,0,89625145664,560,f7fc1400
805,0,89625147968,576,f7fc1400
806,0,89625149464,1836,f7fc1400
807,0,89625152144,640,f7fc1400
808,0,89625153608,596,f7fc1400
809,0,89625155716,600,f7fc1400
810,0,89625157144,1948,f7fc1400
811,0,89625159944,560,f7fc1400
812,0,89625161364,588,f7fc1400
813,0,89625163064,1872,f7fc1400
814,0,89625165808,756,f7fc1400
815,0,89625167732,852,f7fc2400
816,3,89625641718,644,e0269400
817,0,89632318644,1112,f7fc1400
818,0,89632321524,560,f7fc1400
819,0,89632323008,1832,f7fc1400
820,0,89632325692,540,f7fc1400
821,0,89632327088,592,f7fc1400
822,0,89632328992,1880,f7fc1400
823,0,89632331704,748,f7fc1400
824,0,89632333560,856,f7fc2400
825,0,89636335992,1212,f7fc1400
826,0,89636338788,588,f7fc1400
827,0,89636340292,1852,f7fc1400
828,0,89636343060,564,f7fc1400
829,0,89636344516,552,f7fc1400
830,0,89636346528,1888,f7fc1400
831,0,89636349300,760,f7fc1400
832,0,89636351212,860,f7fc5400
833,2,89637089332,628,e0268c00
834,3,89642639666,676,e0269400
835,2,89654087232,652,e0268c00
836,0,89659189740,1124,f7fc1400
837,0,89659192736,588,f7fc1400
838,0,89659194152,1880,f7fc1400
839,0,89659196892,536,f7fc1400
840,0,89659198356,560,f7fc1400
841,0,89659200788,620,f7fc1400
842,0,89659202300,1844,f7fc1400
843,0,89659205008,532,f7fc1400
844,0,89659206408,588,f7fc1400
845,0,89659208116,1864,f7fc1400
846,0,89659210840,736,f7fc1400
847,0,89659212772,860,f7fc2400
848,3,89659637634,668,e0269400
849,0,89669430536,1204,f7fc1400
850,0,89669433596,612,f7fc1400
851,0,89669435036,1916,f7fc1400
852,0,89669437836,540,f7fc1400
853,0,89669439296,592,f7fc1400
854,0,89669441288,1872,f7fc1400
855,0,89669444032,744,f7fc1400
856,0,89669445944,852,f7fc2400
857,0,89670381584,1096,f7fc1400
858,0,89670384204,588,f7fc1400
859,0,89670385656,1852,f7fc1400
860,0,89670388360,536,f7fc1400
861,0,89670389728,556,f7fc1400
862,0,89670391744,1912,f7fc1400
863,0,89670394492,732,f7fc1400
864,0,89670396344,856,f7fc5400
865,2,89671085200,672,e0268c00
866,3,89676635526,672,e0269400
867,0,89680195924,1140,f7fc1400
868,0,89680198780,564,f7fc1400
869,0,89680200232,1856,f7fc1400
870,0,89680202972,528,f7fc1400
871,0,89680204324,584,f7fc1400
872,0,89680206192,1880,f7fc1400
873,0,89680209268,736,f7fc1400
874,0,89680211344,388,f7fc1400
875,0,89680212792,852,f7fc5400
876,2,89688083168,664,e0268c00
877,0,89693249212,1156,f7fc1400
878,0,89693252276,556,f7fc1400
879,0,89693253708,1812,f7fc1400
880,0,89693256392,536,f7fc1400
881,0,89693257848,584,f7fc1400
882,0,89693260004,1880,f7fc1400
883,0,89693262800,728,f7fc1400
884,0,89693264656,860,f7fc5400
885,3,89693633462,672,e0269400
886,0,89704420876,1108,f7fc1400
887,0,89704423536,560,f7fc1400
888,0,89704424956,1848,f7fc1400
889,0,89704427652,540,f7fc1400
890,0,89704429032,564,f7fc1400
891,0,89704430928,1880,f7fc1400
892,0,89704433692,732,f7fc1400
893,0,89704435584,864,f7fc5400
894,2,89705081104,748,e0268c00
895,3,89710631410,632,e0269400
896,2,89722079076,664,e0268c00
897,0,89727274108,1260,f7fc1400
898,0,89727277264,564,f7fc1400
899,0,89727278664,1836,f7fc1400
900,0,89727281336,684,f7fc1400
901,0,89727282872,588,f7fc1400
902,0,89727285032,592,f7fc1400
903,0,89727286480,1832,f7fc1400
904,0,89727289184,624,f7fc1400
905,0,89727290676,600,f7fc1400
906,0,89727292636,2084,f7fc1400
907,0,89727295648,736,f7fc1400
908,0,89727297584,860,f7fc2400
909,3,89727629362,676,e0269400
910,0,89738453732,1112,f7fc1400
911,0,89738456392,596,f7fc1400
912,0,89738457820,1860,f7fc1400
913,0,89738460536,536,f7fc1400
914,0,89738461936,576,f7fc1400
915,0,89738464052,1892,f7fc1400
916,0,89738466808,732,f7fc1400
917,0,89738468696,864,f7fc5400
918,2,89739077028,656,e0268c00
919,3,89744627326,672,e0269400
920,2,89756074968,644,e0268c00
921,0,89761307272,1116,f7fc1400
922,0,89761310548,592,f7fc1400
923,0,89761312064,1940,f7fc1400
924,0,89761314912,540,f7fc1400
925,0,89761316352,584,f7fc1400
926,0,89761318496,580,f7fc1400
927,0,89761319964,1800,f7fc1400
928,0,89761322632,532,f7fc1400
929,0,89761324016,584,f7fc1400
930,0,89761325704,1988,f7fc1400
931,0,89761328552,736,f7fc1400
932,0,89761330396,860,f7fc2400
933,3,89761625282,644,e0269400
934,0,89768481340,1348,f7fc1400
935,0,89768484516,564,f7fc1400
936,0,89768486000,1844,f7fc1400
937,0,89768488752,536,f7fc1400
938,0,89768490172,560,f7fc1400
939,0,89768491988,1880,f7fc1400
940,0,89768494748,748,f7fc1400
941,0,89768496640,852,f7fc2400
942,0,89772499056,1180,f7fc1400
943,0,89772501764,564,f7fc1400
944,0,89772503184,2108,f7fc1400
945,0,89772506120,616,f7fc1400
946,0,89772507564,588,f7fc1400
947,0,89772509588,1896,f7fc1400
948,0,89772512376,736,f7fc1400
949,0,89772514316,856,f7fc5400
950,2,89773072904,672,e0268c00
951,3,89778623238,672,e0269400
952,2,89790070868,652,e0268c00
953,0,89795352836,1224,f7fc1400
954,0,89795355516,388,f7fc1400
955,0,89795357628,588,f7fc1400
956,0,89795359076,1812,f7fc1400
957,0,89795361736,564,f7fc1400
958,0,89795363124,584,f7fc1400
959,0,89795364892,1896,f7fc1400
960,0,89795367620,732,f7fc1400
961,0,89795369560,860,f7fc2400
962,3,89795621142,676,e0269400
963,0,89806525764,1168,f7fc1400
964,0,89806528504,564,f7fc1400
965,0,89806529944,1820,f7fc1400
966,0,89806532628,536,f7fc1400
967,0,89806534000,588,f7fc1400
968,0,89806535944,1876,f7fc1400
969,0,89806538680,728,f7fc1400
970,0,89806540516,924,f7fc5400
971,2,89807068848,656,e0268c00
972,3,89812619106,672,e0269400
973,0,89812766684,1252,f7fc1400
974,0,89812769652,564,f7fc1400
975,0,89812771088,1828,f7fc1400
976,0,89812773796,536,f7fc1400
977,0,89812775248,600,f7fc1400
978,0,89812777308,2180,f7fc1400
979,0,89812780408,720,f7fc1400
980,0,89812782256,856,f7fc5400
981,2,89824066748,664,e0268c00
982,0,89829392076,1260,f7fc1400
983,0,89829395244,560,f7fc1400
984,0,89829396660,1852,f7fc1400
985,0,89829399364,540,f7fc1400
986,0,89829400756,560,f7fc1400
987,0,89829402820,588,f7fc1400
988,0,89829404292,1852,f7fc1400
989,0,89829407020,588,f7fc1400
990,0,89829408516,584,f7fc1400
991,0,89829410656,560,f7fc1400
992,0,89829412132,1844,f7fc1400
993,0,89829414804,536,f7fc1400
994,0,89829416172,552,f7fc1400
995,0,89829417812,1940,f7fc1400
996,0,89829420604,740,f7fc1400
997,0,89829422492,864,f7fc2c00
998,3,89829617046,652,e0269400
999,0,89840578644,1112,f7fc1400
1000,0,89840581588,564,f7fc1400
1001,0,89840583024,1844,f7fc1400
1002,0,89840585736,564,f7fc1400
1003,0,89840587208,616,f7fc1400
1004,0,89840589132,1896,f7fc1400
1005,0,89840591908,748,f7fc1400
1006,0,89840593764,860,f7fc2c00
1007,2,89841064732,668,e0268c00
1008,3,89846614966,668,e0269400
1009,0,89850393320,1220,f7fc1400
1010,0,89850396216,628,f7fc1400
1011,0,89850397708,1824,f7fc1400
1012,0,89850400400,604,f7fc1400
1013,0,89850401864,656,f7fc1400
1014,0,89850403888,1892,f7fc1400
1015,0,89850406668,736,f7fc1400
1016,0,89850408660,856,f7fc2c00
1017,2,89858062684,672,e0268c00
1018,0,89863445016,1160,f7fc1400
1019,0,89863448164,608,f7fc1400
1020,0,89863449600,1928,f7fc1400
1021,0,89863452352,536,f7fc1400
1022,0,89863453740,556,f7fc1400
1023,0,89863455500,1896,f7fc1400
1024,0,89863458252,732,f7fc1400
1025,0,89863460096,856,f7fc2c00
1026,3,89863612894,676,e0269400
1027,0,89873677856,1168,f7fc1400
1028,0,89873680680,592,f7fc1400
1029,0,89873682460,2144,f7fc1400
1030,0,89873685452,636,f7fc1400
1031,0,89873686936,628,f7fc1400
1032,0,89873688984,388,f7fc1400
1033,0,89873690624,1876,f7fc1400
1034,0,89873693380,720,f7fc1400
1035,0,89873695300,924,f7fc5400
1036,0,89874630940,1108,f7fc1400
1037,0,89874633764,560,f7fc1400
1038,0,89874635164,1820,f7fc1400
1039,0,89874637808,540,f7fc1400
1040,0,89874639176,560,f7fc1400
1041,0,89874641132,1916,f7fc1400
1042,0,89874643908,736,f7fc1400
1043,0,89874645784,860,f7fc5400
1044,2,89875060648,672,e0268c00
1045,3,89880610826,668,e0269400
1046,2,89892058596,652,e0268c00
1047,0,89897484320,1172,f7fc1400
1048,0,89897487324,568,f7fc1400
1049,0,89897488812,1840,f7fc1400
1050,0,89897491516,532,f7fc1400
1051,0,89897492872,560,f7fc1400
1052,0,89897495100,596,f7fc1400
1053,0,89897496528,1824,f7fc1400
1054,0,89897499200,532,f7fc1400
1055,0,89897500580,584,f7fc1400
1056,0,89897502380,1880,f7fc1400
1057,0,89897505140,724,f7fc1400
1058,0,89897507024,868,f7fc3c00
1059,3,89897608782,680,e0269400
1060,0,89904658060,1240,f7fc1400
1061,0,89904660976,596,f7fc1400
1062,0,89904662500,1840,f7fc1400
1063,0,89904665180,536,f7fc1400
1064,0,89904666528,588,f7fc1400
1065,0,89904668360,1932,f7fc1400
1066,0,89904671120,800,f7fc1400
1067,0,89904673056,864,f7fc5400
1068,0,89908675480,1160,f7fc1400
1069,0,89908678188,564,f7fc1400
1070,0,89908679628,1836,f7fc1400
1071,0,89908682336,536,f7fc1400
1072,0,89908683752,556,f7fc1400
1073,0,89908685744,1888,f7fc1400
1074,0,89908688556,784,f7fc1400
1075,0,89908690552,864,f7fc5400
1076,2,89909056560,672,e0268c00
1077,3,89914606758,672,e0269400
1078,2,89926054512,652,e0268c00
1079,0,89931529080,1120,f7fc1400
1080,0,89931531972,564,f7fc1400
1081,0,89931533364,1980,f7fc1400
1082,0,89931536192,528,f7fc1400
1083,0,89931537652,552,f7fc1400
1084,0,89931539584,1884,f7fc1400
1085,0,89931542368,740,f7fc1400
1086,0,89931544260,848,f7fc5400
1087,3,89931604730,672,e0269400
1088,0,89942700432,1124,f7fc1400
1089,0,89942703160,564,f7fc1400
1090,0,89942704580,1856,f7fc1400
1091,0,89942707292,540,f7fc1400
1092,0,89942708664,564,f7fc1400
1093,0,89942710488,1896,f7fc1400
1094,0,89942713216,736,f7fc1400
1095,0,89942715104,868,f7fc5400
1096,2,89943052472,672,e0268c00
1097,3,89948602674,676,e0269400
1098,2,89960050432,644,e0268c00
1099,0,89965553716,1168,f7fc1400
1100,0,89965556928,592,f7fc1400
1101,0,89965558380,1912,f7fc1400
1102,0,89965561140,540,f7fc1400
1103,0,89965562536,560,f7fc1400
1104,0,89965564332,1888,f7fc1400
1105,0,89965567052,732,f7fc1400
1106,0,89965568888,848,f7fc5400
1107,3,89965600630,672,e0269400
1108,0,89976725056,1124,f7fc1400
1109,0,89976727808,568,f7fc1400
1110,0,89976729620,1880,f7fc1400
1111,0,89976732368,580,f7fc1400
1112,0,89976733816,588,f7fc1400
1113,0,89976735836,388,f7fc1400
1114,0,89976737532,1884,f7fc1400
1115,0,89976740264,740,f7fc1400
1116,0,89976742136,860,f7fc5400
1117,2,89977048348,668,e0268c00
1118,3,89982598586,668,e0269400
1119,2,89994046288,652,e0268c00
1120,0,89999580704,1264,f7fc1400
1121,0,89999583964,564,f7fc1400
1122,0,89999585444,1824,f7fc1400
1123,0,89999588172,540,f7fc1400
1124,0,89999589584,564,f7fc1400
1125,0,89999591640,588,f7fc1400
1126,0,89999593108,1868,f7fc1400
1127,0,89999595828,600,f7fc1400
1128,3,89999597434,688,e0269400
1129,0,89999599044,612,f7fc1400
1130,0,89999600912,1884,f7fc1400
1131,0,89999603720,736,f7fc1400
1132,0,89999605664,860,f7fc3400
1133,0,90010761704,1124,f7fc1400
1134,0,90010764524,564,f7fc1400
1135,0,90010765924,1852,f7fc1400
1136,0,90010768608,532,f7fc1400
1137,0,90010770020,552,f7fc1400
1138,0,90010771868,1884,f7fc1400
1139,0,90010774616,748,f7fc1400
1140,0,90010776516,868,f7fc3400
1141,2,90011044260,672,e0268c00
1142,3,90016595410,668,e0269400
1143,0,90020576080,1196,f7fc1400
1144,0,90020578952,560,f7fc1400
1145,0,90020580428,1864,f7fc1400
1146,0,90020583152,536,f7fc1400
1147,0,90020584512,584,f7fc1400
1148,0,90020586392,1904,f7fc1400
1149,0,90020589124,740,f7fc1400
1150,0,90020591004,860,f7fc5c00
1151,2,90028042148,668,e0268c00
1152,3,90033593354,672,e0269400
1153,0,90033627348,1136,f7fc1400
1154,0,90033630400,564,f7fc1400
1155,0,90033631840,1836,f7fc1400
1156,0,90033634572,536,f7fc1400
1157,0,90033636028,588,f7fc1400
1158,0,90033638184,568,f7fc1400
1159,0,90033639604,1852,f7fc1400
1160,0,90033642284,532,f7fc1400
1161,0,90033643640,564,f7fc1400
1162,0,90033645792,556,f7fc1400
1163,0,90033647196,2220,f7fc1400
1164,0,90033650268,532,f7fc1400
1165,0,90033651644,552,f7fc1400
1166,1,90033655644,892,e0268400
1167,0,90033655644,1560,f7fc1400
1168,1,90033658344,924,e0268400
1169,0,90033660316,1904,f7fc1400
1170,0,90033663200,528,f7fc1400
1171,0,90033664644,572,f7fc1400
1172,0,90033666348,1868,f7fc1400
1173,0,90033669036,760,f7fc1400
1174,0,90033670916,860,f7fc1c00
1175,0,90040821752,1108,f7fc1400
1176,0,90040824460,584,f7fc1400
1177,0,90040825908,2028,f7fc1400
1178,0,90040828808,828,f7fc1400
1179,0,90040830668,1340,f7fc1400
1180,1,90040833000,1724,f7fc4400
1181,0,90040835668,2068,f7fc1400
1182,1,90040838700,572,f7fc4400
1183,0,90040840220,772,f7fc1400
1184,0,90040842236,828,f7fc1c00
1185,0,90044844664,1124,f7fc1400
1186,0,90044847520,588,f7fc1400
1187,0,90044848960,1828,f7fc1400
1188,0,90044851608,532,f7fc1400
1189,0,90044852968,556,f7fc1400
1190,0,90044854864,1936,f7fc1400
1191,0,90044858012,748,f7fc1400
1192,0,90044860196,392,f7fc1400
1193,0,90044861708,860,f7fc1c00
1194,2,90045040096,708,e0268c00
1195,3,90050591258,668,e0269400
1196,2,90062038048,644,e0268c00
1197,3,90067589158,672,e0269400
1198,0,90067700356,1164,f7fc1400
1199,0,90067703592,552,f7fc1400
1200,0,90067705000,1852,f7fc1400
1201,0,90067707680,532,f7fc1400
1202,0,90067709040,548,f7fc1400
1203,0,90067710684,1880,f7fc1400
1204,0,90067713468,740,f7fc1400
1205,0,90067715416,844,f7fc1c00
1206,0,90077933056,1168,f7fc1400
1207,0,90077935908,560,f7fc1400
1208,0,90077937348,1820,f7fc1400
1209,0,90077940048,536,f7fc1400
1210,0,90077941436,564,f7fc1400
1211,0,90077943252,1876,f7fc1400
1212,0,90077945992,728,f7fc1400
1213,0,90077947860,916,f7fc1c00
1214,0,90078883492,1096,f7fc1400
1215,0,90078886224,560,f7fc1400
1216,0,90078887608,1848,f7fc1400
1217,0,90078890376,536,f7fc1400
1218,0,90078891824,568,f7fc1400
1219,0,90078893920,1892,f7fc1400
1220,0,90078896692,724,f7fc1400
1221,0,90078898584,860,f7fc1c00
1222,2,90079035936,668,e0268c00
1223,3,90084587094,668,e0269400
1224,2,90096033820,652,e0268c00
1225,3,90101585002,672,e0269400
1226,0,90101737188,1164,f7fc1400
1227,0,90101740276,560,f7fc1400
1228,0,90101741664,1852,f7fc1400
1229,0,90101744344,536,f7fc1400
1230,0,90101745796,556,f7fc1400
1231,0,90101747624,1892,f7fc1400
1232,0,90101750440,728,f7fc1400
1233,0,90101752328,868,f7fc1c00
1234,0,90112908348,1104,f7fc1400
1235,0,90112911056,564,f7fc1400
1236,0,90112912476,1824,f7fc1400
1237,0,90112915152,536,f7fc1400
1238,0,90112916540,564,f7fc1400
1239,0,90112918620,1908,f7fc1400
1240,0,90112921360,724,f7fc1400
1241,0,90112923196,856,f7fc1c00
1242,2,90113031776,672,e0268c00
1243,3,90118582962,672,e0269400
1244,0,90119149360,1136,f7fc1400
1245,0,90119152160,560,f7fc1400
1246,0,90119153596,1832,f7fc1400
1247,0,90119156304,540,f7fc1400
1248,0,90119157716,592,f7fc1400
1249,0,90119159768,1900,f7fc1400
1250,0,90119162528,744,f7fc1400
1251,0,90119164416,860,f7fc5c00
1252,2,90130029692,660,e0268c00
1253,3,90135580914,672,e0269400
1254,0,90135774192,1236,f7fc1400
1255,0,90135777428,588,f7fc1400
1256,0,90135778952,1836,f7fc1400
1257,0,90135781700,540,f7fc1400
1258,0,90135783120,584,f7fc1400
1259,0,90135785060,1892,f7fc1400
1260,0,90135787828,720,f7fc1400
1261,0,90135789688,864,f7fc2400
1262,0,90146945712,1104,f7fc1400
1263,0,90146948340,564,f7fc1400
1264,0,90146949760,1920,f7fc1400
1265,0,90146952504,536,f7fc1400
1266,0,90146953856,588,f7fc1400
1267,0,90146955836,1896,f7fc1400
1268,0,90146958628,732,f7fc1400
1269,0,90146960564,848,f7fc5c00
1270,2,90147027608,672,e0268c00
1271,3,90152578822,668,e0269400
1272,2,90164025488,648,e0268c00
1273,3,90169576770,668,e0269400
1274,0,90169799184,1172,f7fc1400
1275,0,90169801884,388,f7fc1400
1276,0,90169803948,596,f7fc1400
1277,0,90169805384,1832,f7fc1400
1278,0,90169808036,524,f7fc1400
1279,0,90169809388,592,f7fc1400
1280,0,90169811420,564,f7fc1400
1281,0,90169812864,1856,f7fc1400
1282,0,90169815592,536,f7fc1400
1283,0,90169817008,596,f7fc1400
1284,0,90169819104,564,f7fc1400
1285,0,90169820596,1840,f7fc1400
1286,0,90169823352,564,f7fc1400
1287,0,90169824752,556,f7fc1400
1288,0,90169826400,2112,f7fc1400
1289,0,90169829348,720,f7fc1400
1290,0,90169831176,868,f7fc2400
1291,0,90176982120,1620,f7fc1400
1292,0,90176985964,680,f7fc1400
1293,0,90176987484,1880,f7fc1400
1294,0,90176990236,604,f7fc1400
1295,0,90176991712,560,f7fc1400
1296,0,90176993624,1956,f7fc1400
1297,0,90176996496,888,f7fc1400
1298,0,90176998640,932,f7fc2400
1299,0,90181001064,1108,f7fc1400
1300,0,90181003784,572,f7fc1400
1301,0,90181005180,1860,f7fc1400
1302,0,90181007872,548,f7fc1400
1303,0,90181009248,592,f7fc1400
1304,0,90181011348,1988,f7fc1400
1305,0,90181014196,732,f7fc1400
1306,0,90181016072,864,f7fc5400
1307,2,90181023408,672,e0268c00
1308,3,90186574718,684,e0269400
1309,0,90190815744,1192,f7fc1400
1310,0,90190818624,564,f7fc1400
1311,0,90190820108,1864,f7fc1400
1312,0,90190822880,556,f7fc1400
1313,0,90190824252,556,f7fc1400
1314,0,90190826128,2060,f7fc1400
1315,0,90190829008,752,f7fc1400
1316,0,90190830884,856,f7fc5400
1317,2,90198021252,668,e0268c00
1318,3,90203572566,672,e0269400
1319,0,90203867212,1148,f7fc1400
1320,0,90203870244,560,f7fc1400
1321,0,90203871684,1848,f7fc1400
1322,0,90203874404,536,f7fc1400
1323,0,90203875852,568,f7fc1400
1324,0,90203877684,1896,f7fc1400
1325,0,90203880472,772,f7fc1400
1326,0,90203882364,876,f7fc5400
1327,2,90215019080,672,e0268c00
1328,0,90215038536,1124,f7fc1400
1329,0,90215041300,564,f7fc1400
1330,0,90215042724,1852,f7fc1400
1331,0,90215045428,536,f7fc1400
1332,0,90215046820,556,f7fc1400
1333,0,90215048736,1892,f7fc1400
1334,0,90215051488,740,f7fc1400
1335,0,90215053348,924,f7fc5400
1336,3,90220570438,644,e0269400
1337,2,90232016988,744,e0268c00
1338,3,90237568402,632,e0269400
1339,0,90237891956,1096,f7fc1400
1340,0,90237894940,564,f7fc1400
1341,0,90237896400,1832,f7fc1400
1342,0,90237899096,604,f7fc1400
1343,0,90237900572,596,f7fc1400
1344,0,90237902648,592,f7fc1400
1345,0,90237904096,1824,f7fc1400
1346,0,90237906776,544,f7fc1400
1347,0,90237908184,584,f7fc1400
1348,0,90237909968,2168,f7fc1400
1349,0,90237913360,736,f7fc1400
1350,0,90237915440,388,f7fc1400
1351,0,90237916896,880,f7fc2c00
1352,2,90249014844,672,e0268c00
1353,0,90249073116,1104,f7fc1400
1354,0,90249075880,568,f7fc1400
1355,0,90249077328,1852,f7fc1400
1356,0,90249080048,532,f7fc1400
1357,0,90249081428,564,f7fc1400
1358,0,90249083336,1904,f7fc1400
1359,0,90249086100,724,f7fc1400
1360,0,90249087968,860,f7fc2c00
1361,3,90254566266,648,e0269400
1362,2,90266012692,652,e0268c00
1363,3,90271564166,832,e0269400
1364,0,90271926552,1096,f7fc1400
1365,0,90271929700,560,f7fc1400
1366,0,90271931180,1852,f7fc1400
1367,0,90271933908,536,f7fc1400
1368,0,90271935316,560,f7fc1400
1369,0,90271937096,2056,f7fc1400
1370,0,90271940012,736,f7fc1400
1371,0,90271941888,868,f7fc2c00
1372,0,90282159532,1156,f7fc1400
1373,0,90282162240,560,f7fc1400
1374,0,90282163636,1840,f7fc1400
1375,0,90282166300,528,f7fc1400
1376,0,90282167652,588,f7fc1400
1377,0,90282169680,1868,f7fc1400
1378,0,90282172464,728,f7fc1400
1379,0,90282174412,920,f7fc5400
1380,2,90283010560,672,e0268c00
1381,0,90283110280,1104,f7fc1400
1382,0,90283113020,572,f7fc1400
1383,0,90283114424,1848,f7fc1400
1384,0,90283117092,532,f7fc1400
1385,0,90283118444,556,f7fc1400
1386,0,90283120256,1896,f7fc1400
1387,0,90283123008,748,f7fc1400
1388,0,90283124892,844,f7fc5400
1389,3,90288562058,652,e0269400
1390,2,90300008400,652,e0268c00
1391,3,90305559902,632,e0269400
1392,0,90305963492,1112,f7fc1400
1393,0,90305966496,596,f7fc1400
1394,0,90305968020,1816,f7fc1400
1395,0,90305970756,608,f7fc1400
1396,0,90305972196,556,f7fc1400
1397,0,90305974136,596,f7fc1400
1398,0,90305975564,1992,f7fc1400
1399,0,90305978388,536,f7fc1400
1400,0,90305979780,580,f7fc1400
1401,0,90305981540,1872,f7fc1400
1402,0,90305984268,748,f7fc1400
1403,0,90305986172,876,f7fc3c00
1404,0,90313137000,1096,f7fc1400
1405,0,90313139640,564,f7fc1400
1406,0,90313141120,1816,f7fc1400
1407,0,90313143844,536,f7fc1400
1408,0,90313145296,588,f7fc1400
1409,0,90313147304,1964,f7fc1400
1410,0,90313150108,732,f7fc1400
1411,0,90313151960,852,f7fc5400
1412,2,90317006256,672,e0268c00
1413,0,90317154552,1116,f7fc1400
1414,0,90317157204,564,f7fc1400
1415,0,90317158624,1828,f7fc1400
1416,0,90317161320,540,f7fc1400
1417,0,90317162728,556,f7fc1400
1418,0,90317164584,1880,f7fc1400
1419,0,90317167384,740,f7fc1400
1420,0,90317169324,860,f7fc5400
1421,3,90322557802,640,e0269400
1422,2,90334004084,652,e0268c00
1423,3,90339555650,632,e0269400
1424,0,90340007936,1112,f7fc1400
1425,0,90340010860,560,f7fc1400
1426,0,90340012276,1840,f7fc1400
1427,0,90340014972,540,f7fc1400
1428,0,90340016708,584,f7fc1400
1429,0,90340018784,388,f7fc1400
1430,0,90340020788,592,f7fc1400
1431,0,90340022264,1944,f7fc1400
1432,0,90340025128,532,f7fc1400
1433,0,90340026580,584,f7fc1400
1434,0,90340028728,560,f7fc1400
1435,0,90340030160,1824,f7fc1400
1436,0,90340032856,532,f7fc1400
1437,0,90340034252,556,f7fc1400
1438,0,90340035984,1932,f7fc1400
1439,0,90340038832,748,f7fc1400
1440,0,90340040784,856,f7fc2400
1441,2,90351001988,668,e0268c00
1442,0,90351196908,1112,f7fc1400
1443,0,90351199692,592,f7fc1400
1444,0,90351201128,1808,f7fc1400
1445,0,90351203788,528,f7fc1400
1446,0,90351205172,588,f7fc1400
1447,0,90351207140,1924,f7fc1400
1448,0,90351209940,728,f7fc1400
1449,0,90351211832,872,f7fc4c00
1450,3,90356553518,668,e0269400
1451,0,90361011440,1140,f7fc1400
1452,0,90361014216,568,f7fc1400
1453,0,90361015672,1828,f7fc1400
1454,0,90361018324,540,f7fc1400
1455,0,90361019700,560,f7fc1400
1456,0,90361021568,1884,f7fc1400
1457,0,90361024316,744,f7fc1400
1458,0,90361026204,860,f7fc4c00
1459,2,90367999956,656,e0268c00
1460,3,90373551426,676,e0269400
1461,0,90374062592,1144,f7fc1400
1462,0,90374065688,560,f7fc1400
1463,0,90374067136,1816,f7fc1400
1464,0,90374069868,540,f7fc1400
1465,0,90374071320,556,f7fc1400
1466,0,90374073248,1892,f7fc1400
1467,0,90374075972,736,f7fc1400
1468,0,90374077816,856,f7fc4c00
1469,2,90384997856,660,e0268c00
1470,0,90385234012,1116,f7fc1400
1471,0,90385236732,560,f7fc1400
1472,0,90385238148,2136,f7fc1400
1473,0,90385241156,536,f7fc1400
1474,0,90385242568,556,f7fc1400
1475,0,90385244432,2064,f7fc1400
1476,0,90385247404,732,f7fc1400
1477,0,90385249340,868,f7fc4c00
1478,3,90390549330,668,e0269400
1479,2,90401995784,648,e0268c00
1480,3,90407547194,632,e0269400
1481,0,90408087968,1104,f7fc1400
1482,0,90408090948,560,f7fc1400
1483,0,90408092364,1940,f7fc1400
1484,0,90408095160,540,f7fc1400
1485,0,90408096564,560,f7fc1400
1486,0,90408098536,1900,f7fc1400
1487,0,90408101356,800,f7fc1400
1488,0,90408103356,864,f7fc4c00
1489,2,90418993724,664,e0268c00
1490,0,90419259640,1112,f7fc1400
1491,0,90419262356,560,f7fc1400
1492,0,90419263772,2092,f7fc1400
1493,0,90419266720,540,f7fc1400
1494,0,90419268116,556,f7fc1400
1495,0,90419270092,1880,f7fc1400
1496,0,90419272804,724,f7fc1400
1497,0,90419274640,868,f7fc4c00
1498,3,90424545082,668,e0269400
1499,0,90425500868,1140,f7fc1400
1500,0,90425503764,556,f7fc1400
1501,0,90425505228,1860,f7fc1400
1502,0,90425507964,536,f7fc1400
1503,0,90425509372,560,f7fc1400
1504,0,90425511388,1880,f7fc1400
1505,0,90425514472,744,f7fc1400
1506,0,90425516596,388,f7fc1400
1507,0,90425518040,860,f7fc4c00
1508,2,90435991636,668,e0268c00
1509,3,90441543038,672,e0269400
1510,0,90442127872,1188,f7fc1400
1511,0,90442130952,560,f7fc1400
1512,0,90442132424,1920,f7fc1400
1513,0,90442135256,544,f7fc1400
1514,0,90442136680,556,f7fc1400
1515,0,90442138704,588,f7fc1400
1516,0,90442140168,1844,f7fc1400
1517,0,90442142864,540,f7fc1400
1518,0,90442144256,552,f7fc1400
1519,0,90442146264,588,f7fc1400
1520,0,90442147716,1844,f7fc1400
1521,0,90442150392,532,f7fc1400
1522,0,90442151748,592,f7fc1400
1523,0,90442153424,1880,f7fc1400
1524,0,90442156200,732,f7fc1400
1525,0,90442158140,860,f7fc3c00
1526,0,90449308972,1124,f7fc1400
1527,0,90449311824,592,f7fc1400
1528,0,90449313288,1844,f7fc1400
1529,0,90449316012,536,f7fc1400
1530,0,90449317388,592,f7fc1400
1531,0,90449319280,1888,f7fc1400
1532,0,90449322032,812,f7fc1400
1533,0,90449323972,864,f7fc4c00
1534,2,90452989528,672,e0268c00
1535,0,90453326548,1176,f7fc1400
1536,0,90453329300,564,f7fc1400
1537,0,90453330688,1812,f7fc1400
1538,0,90453333328,540,f7fc1400
1539,0,90453334692,556,f7fc1400
1540,0,90453336636,1884,f7fc1400
1541,0,90453339380,720,f7fc1400
1542,0,90453341244,864,f7fc4c00
1543,3,90458540902,648,e0269400
1544,2,90469987464,652,e0268c00
1545,3,90475538802,632,e0269400
1546,0,90476179932,1120,f7fc1400
1547,0,90476183088,560,f7fc1400
1548,0,90476184568,1844,f7fc1400
1549,0,90476187296,540,f7fc1400
1550,0,90476188664,560,f7fc1400
