0,0,87509262330,376,ff01d400
1,0,87509265362,452,ff01d400
2,0,87509266994,1300,e0103400
3,0,87509271122,452,e0103400
4,0,87509272678,280804,e0103400
5,1,87509554562,728,e026a400
6,2,87509556246,736,e026ac00
7,0,87509557894,293104,e0103400
8,0,87509852070,298212,e0103400
9,0,87510151178,297064,e0103400
10,0,87510449122,296960,e0103400
11,0,87510747010,297088,e0103400
12,0,87511045026,291720,e0103400
13,0,87511337642,296944,e0103400
14,0,87511635438,296592,e0103400
15,0,87511932874,296588,e0103400
16,0,87512230302,296580,e0103400
17,0,87512527746,296672,e0103400
18,0,87512825282,296872,e0103400
19,0,87513123030,297372,e0103400
20,0,87513421282,296972,e0103400
21,0,87513719142,296952,e0103400
22,0,87514016998,296936,e0103400
23,0,87514314830,296820,e0103400
24,0,87514612582,296308,e0103400
25,0,87514909826,296812,e0103400
26,0,87515207510,296956,e0103400
27,0,87515505306,297012,e0103400
28,3,87515803264,676,e026b400
29,0,87515804878,293636,e0103400
30,0,87516099478,296572,e0103400
31,0,87516396918,297276,e0103400
32,0,87516695062,297092,e0103400
33,0,87516993386,796,e0103400
34,0,87516995278,293792,e0103400
35,0,87517289958,296952,e0103400
36,0,87517587826,296924,e0103400
37,0,87517885674,593120,e0103400
38,0,87518480222,900,e0103400
39,0,87518481958,1092,ff01d400
40,0,87518484838,744,ff01d400
41,0,87518488234,448,ff01d400
42,0,87518489850,1428,e0103400
43,0,87518494226,452,e0103400
44,0,87518495794,282880,e0103400
45,0,87518779534,296156,e0103400
46,0,87519076578,297056,e0103400
47,0,87519374526,297152,e0103400
48,0,87519672570,297060,e0103400
49,0,87519970558,296900,e0103400
50,0,87520268390,296500,e0103400
51,0,87520565818,295984,e0103400
52,0,87520862674,296980,e0103400
53,0,87521160526,297080,e0103400
54,0,87521458474,296960,e0103400
55,0,87521756262,297116,e0103400
56,0,87522054210,297024,e0103400
57,0,87522352086,296768,e0103400
58,0,87522649710,297096,e0103400
59,0,87522947730,291500,e0103400
60,0,87523240170,296780,e0103400
61,0,87523537866,296652,e0103400
62,0,87523835414,296620,e0103400
63,0,87524132918,297076,e0103400
64,0,87524430882,296732,e0103400
65,0,87524728490,296952,e0103400
66,0,87525026318,297076,e0103400
67,0,87525324258,296988,e0103400
68,0,87525622086,296888,e0103400
69,0,87525919810,297104,e0103400
70,0,87526217750,296892,e0103400
71,0,87526515522,296664,e0103400
72,1,87526813194,724,e026a400
73,2,87526814974,688,e026ac00
74,0,87526816554,293472,e0103400
75,0,87527111106,293600,e0103400
76,0,87527405598,296436,e0103400
77,0,87527702902,297076,e0103400
78,0,87528000858,598776,e0103400
79,0,87528600986,940,e0103400
80,0,87528602778,1132,f7fc1400
81,0,87528606878,620,f7fc1400
82,0,87528609246,2336,f7fc1400
83,0,87528612414,1280,f7fc1400
84,0,87528614574,1520,f7fc1400
85,0,87528617006,656,f7fc1400
86,0,87528619514,2104,f7fc1400
87,0,87528622482,964,f7fc1400
88,0,87528624314,1324,f7fc1400
89,1,87528626598,1992,f7fc2400
90,0,87528629506,612,f7fc1400
91,1,87528631066,796,f7fc2400
92,0,87528632854,2124,f7fc1400
93,0,87528635918,844,f7fc1400
94,0,87528637590,900,f7fc1400
95,2,87528639426,1860,f7fc2c00
96,0,87528642218,476,f7fc1400
97,2,87528643734,732,f7fc2c00
98,0,87528645398,1944,f7fc1400
99,0,87528648314,812,f7fc1400
100,0,87528650006,948,f7fc1400
101,3,87528651956,2068,f7fc3400
102,0,87528654946,504,f7fc1400
103,3,87528656436,760,f7fc3400
104,0,87528658150,980,f7fc1400
105,0,87528660094,2140,f7fc1400
106,0,87528663098,936,f7fc1400
107,0,87528664950,852,f7fc1400
108,0,87528666754,476,f7fc1400
109,0,87528670570,2880,f7fc1400
110,0,87528674282,548,f7fc1400
111,0,87528675962,1128,ff01d400
112,0,87528678914,928,f7fc3c00
113,0,87535828198,3208,f7fc1400
114,0,87535833874,752,f7fc1400
115,0,87535835486,2276,f7fc1400
116,0,87535838618,936,f7fc1400
117,0,87535840422,872,f7fc1400
118,0,87535842170,484,f7fc1400
119,1,87535845506,916,e026a400
120,0,87535845506,1640,f7fc1400
121,1,87535848362,1388,e026a400
122,0,87535850702,2124,f7fc1400
123,0,87535853730,876,f7fc1400
124,0,87535855430,976,f7fc1400
125,1,87535857402,1724,f7fc4400
126,0,87535860130,508,f7fc1400
127,1,87535861594,588,f7fc4400
128,0,87535864654,1544,f7fc1400
129,2,87535867238,1068,e026ac00
130,0,87535869210,1976,f7fc1400
131,0,87535872110,888,f7fc1400
132,0,87535873898,956,f7fc1400
133,2,87535875898,1712,f7fc4c00
134,0,87535878550,460,f7fc1400
135,2,87535879986,532,f7fc4c00
136,0,87535882804,1434,f7fc1400
137,0,87535885270,1916,f7fc1400
138,3,87535888136,1028,e026b400
139,0,87535890090,956,f7fc1400
140,3,87535892100,1192,f7fc5400
141,3,87535895544,812,e026b400
142,0,87535895544,1546,f7fc1400
143,3,87535898164,1040,f7fc5400
144,0,87535900134,472,f7fc1400
145,0,87535904544,1418,f7fc1400
146,3,87535906952,1072,e026b400
147,0,87535908930,1996,f7fc1400
148,0,87535911854,836,f7fc1400
149,0,87535913546,1228,f7fc1400
150,3,87535915740,1780,f7fc2400
151,0,87535918450,580,f7fc1400
152,3,87535920012,536,f7fc2400
153,0,87535922790,1384,f7fc1400
154,2,87535925178,1012,e026ac00
155,0,87535927134,2000,f7fc1400
156,0,87535930094,612,f7fc1400
157,0,87535931610,740,f7fc1400
158,0,87535933222,1048,f7fc1400
159,2,87535935358,1296,f7fc3c00
160,1,87535938818,888,e026a400
161,0,87535938818,1544,f7fc1400
162,1,87535941414,1040,e026a400
163,0,87535943454,2224,f7fc1400
164,0,87535946610,836,f7fc1400
165,0,87535948266,1100,f7fc1400
166,1,87535950294,1792,f7fc3400
167,0,87535953038,612,f7fc1400
168,1,87535954650,540,f7fc3400
169,0,87535956254,2220,f7fc1400
170,0,87535959502,460,f7fc1400
171,0,87535961254,952,f7fc1c00
172,0,87543113922,2280,f7fc1400
173,0,87543117906,432,f7fc1400
174,0,87543121486,1396,f7fc1400
175,2,87543123918,1100,e026ac00
176,0,87543125946,2164,f7fc1400
177,0,87543128974,876,f7fc1400
178,0,87543130666,1080,f7fc1400
179,2,87543132706,1740,f7fc2c00
180,0,87543135382,548,f7fc1400
181,2,87543136986,520,f7fc2c00
182,0,87543138506,1804,f7fc1400
183,0,87543141246,852,f7fc1400
184,0,87543143286,980,f7fc1c00
185,0,87547015150,1960,f7fc1400
186,0,87547020400,1402,f7fc1400
187,0,87547022946,1932,f7fc1400
188,3,87547025860,992,e026b400
189,0,87547027766,888,f7fc1400
190,0,87547029546,1040,f7fc1400
191,3,87547031544,1768,f7fc4400
192,0,87547034242,536,f7fc1400
193,3,87547035836,544,f7fc4400
194,0,87547037294,1404,f7fc1400
195,0,87547039670,748,f7fc1400
196,0,87547041670,876,f7fc1c00
197,0,87556812930,2228,f7fc1400
198,1,87556818182,884,e026a400
199,0,87556818182,1528,f7fc1400
200,1,87556820846,1004,e026a400
201,0,87556822774,1984,f7fc1400
202,0,87556825702,852,f7fc1400
203,0,87556827382,908,f7fc1400
204,1,87556829202,1744,f7fc4c00
205,0,87556831862,516,f7fc1400
206,1,87556833534,548,f7fc4c00
207,0,87556834998,1568,f7fc1400
208,0,87556837530,720,f7fc1400
209,0,87556839374,884,f7fc1c00
210,0,87569854242,2144,f7fc1400
211,0,87569860226,1472,f7fc1400
212,1,87569862806,924,e026a400
213,0,87569864718,2048,f7fc1400
214,0,87569867798,880,f7fc1400
215,0,87569869546,1148,f7fc1400
216,1,87569871646,1880,f7fc2400
217,0,87569874482,528,f7fc1400
218,1,87569875954,544,f7fc2400
219,0,87569877422,1288,f7fc1400
220,0,87569879686,732,f7fc1400
221,0,87569881550,864,f7fc1c00
222,0,87581040242,2056,f7fc1400
223,0,87581045198,1388,f7fc1400
224,0,87581047634,2264,f7fc1400
225,1,87581050906,1148,e026a400
226,0,87581053022,1008,f7fc1400
227,1,87581055158,1112,f7fc4c00
228,1,87581058578,840,e026a400
229,0,87581058578,1860,f7fc1400
230,1,87581061578,828,f7fc4c00
231,0,87581063346,560,f7fc1400
232,0,87581065430,1628,f7fc1400
233,0,87581067914,812,f7fc1400
234,0,87581069846,876,f7fc1c00
235,0,87587362882,2204,f7fc1400
236,0,87587368242,1340,f7fc1400
237,2,87587370582,944,e026ac00
238,0,87587372534,1948,f7fc1400
239,0,87587375506,876,f7fc1400
240,2,87587377470,1120,f7fc5400
241,2,87587380890,712,e026ac00
242,0,87587380890,1368,f7fc1400
243,2,87587383342,948,f7fc5400
244,0,87587385206,480,f7fc1400
245,0,87587387066,1448,f7fc1400
246,0,87587389370,732,f7fc1400
247,0,87587391222,864,f7fc1c00
248,0,87603881102,2072,f7fc1400
249,0,87603886830,1284,f7fc1400
250,2,87603889114,860,e026ac00
251,0,87603890898,2164,f7fc1400
252,0,87603894086,868,f7fc1400
253,0,87603895874,1124,f7fc1400
254,2,87603898006,1712,f7fc2400
255,0,87603900618,568,f7fc1400
256,2,87603902174,596,f7fc2400
257,0,87603903698,1516,f7fc1400
258,0,87603906106,728,f7fc1400
259,0,87603907946,844,f7fc1c00
260,0,87615066522,1772,f7fc1400
261,0,87615071514,1148,f7fc1400
262,2,87615073742,856,e026ac00
263,0,87615075478,2156,f7fc1400
264,0,87615078938,892,f7fc1400
265,0,87615080726,1260,f7fc1400
266,2,87615082986,1684,f7fc5400
267,0,87615085618,468,f7fc1400
268,2,87615087134,512,f7fc5400
269,0,87615088566,424,f7fc1400
270,0,87615090666,1308,f7fc1400
271,0,87615092798,728,f7fc1400
272,0,87615094638,960,f7fc1c00
273,0,87621241910,2192,f7fc1400
274,0,87621245854,652,f7fc1400
275,0,87621247370,1876,f7fc1400
276,0,87621250110,820,f7fc1400
277,0,87621251802,860,f7fc1400
278,0,87621253530,484,f7fc1400
279,0,87621256154,800,f7fc1400
280,0,87621257862,2100,f7fc1400
281,0,87621260910,572,f7fc1400
282,0,87621262342,652,f7fc1400
283,0,87621263814,756,f7fc1400
284,0,87621265846,1384,f7fc1400
285,0,87621268050,496,f7fc1400
286,0,87621269698,964,f7fc1c00
287,0,87637909490,2120,f7fc1400
288,0,87637915446,1164,f7fc1400
289,2,87637917666,856,e026ac00
290,0,87637919414,2224,f7fc1400
291,0,87637922562,856,f7fc1400
292,0,87637924318,1052,f7fc1400
293,2,87637926426,1668,f7fc2400
294,0,87637929034,548,f7fc1400
295,2,87637930542,516,f7fc2400
296,0,87637931974,1176,f7fc1400
297,0,87637934030,724,f7fc1400
298,0,87637935866,852,f7fc1c00
299,0,87649094810,1892,f7fc1400
300,0,87649099810,1244,f7fc1400
301,2,87649102050,856,e026ac00
302,0,87649103798,2052,f7fc1400
303,0,87649106782,848,f7fc1400
304,0,87649108494,1072,f7fc1400
305,2,87649110626,1676,f7fc5400
306,0,87649113238,552,f7fc1400
307,2,87649114814,504,f7fc5400
308,0,87649116250,1156,f7fc1400
309,0,87649118382,724,f7fc1400
310,0,87649120318,848,f7fc1c00
311,0,87671852678,2268,f7fc1400
312,0,87671858354,1212,f7fc1400
313,2,87671860562,864,e026ac00
314,0,87671862314,2164,f7fc1400
315,0,87671865378,840,f7fc1400
316,0,87671867070,1060,f7fc1400
317,2,87671869114,1644,f7fc3c00
318,0,87671871666,548,f7fc1400
319,2,87671873162,516,f7fc3c00
320,0,87671874662,1452,f7fc1400
321,0,87671877082,704,f7fc1400
322,0,87671878986,840,f7fc1c00
323,0,87672273086,1908,f7fc1400
324,1,87672278426,880,e026a400
325,0,87672278426,1568,f7fc1400
326,1,87672281202,960,e026a400
327,0,87672283078,2020,f7fc1400
328,0,87672286070,876,f7fc1400
329,0,87672287798,1068,f7fc1400
330,1,87672289794,1808,f7fc2400
331,0,87672292546,604,f7fc1400
332,1,87672294070,536,f7fc2400
333,0,87672295562,1308,f7fc1400
334,0,87672297906,772,f7fc1400
335,0,87672299886,836,f7fc1c00
336,0,87679035006,2064,f7fc1400
337,0,87679040158,1328,f7fc1400
338,2,87679042530,916,e026ac00
339,0,87679044426,2040,f7fc1400
340,0,87679047430,868,f7fc1400
341,0,87679049142,1204,f7fc1400
342,2,87679051330,1764,f7fc4c00
343,0,87679053994,556,f7fc1400
344,2,87679055494,512,f7fc4c00
345,0,87679056938,1164,f7fc1400
346,0,87679059002,716,f7fc1400
347,0,87679060922,844,f7fc1c00
348,0,87683457150,2084,f7fc1400
349,0,87683462366,1364,f7fc1400
350,0,87683464950,1944,f7fc1400
351,1,87683467866,1096,e026a400
352,0,87683469918,980,f7fc1400
353,0,87683471942,1148,f7fc1400
354,1,87683474042,1744,f7fc5400
355,0,87683476778,512,f7fc1400
356,1,87683478218,732,f7fc5400
357,0,87683479890,388,f7fc1400
358,0,87683481750,1132,f7fc1400
359,0,87683483718,716,f7fc1400
360,0,87683485602,968,f7fc1c00
361,0,87705854378,2212,f7fc1400
362,0,87705859606,1428,f7fc1400
363,1,87705862150,920,e026a400
364,0,87705864054,2052,f7fc1400
365,0,87705867110,844,f7fc1400
366,0,87705868778,1204,f7fc1400
367,1,87705870906,1704,f7fc3400
368,0,87705873534,520,f7fc1400
369,1,87705875074,560,f7fc3400
370,0,87705876562,1312,f7fc1400
371,0,87705878838,716,f7fc1400
372,0,87705880702,852,f7fc1c00
373,0,87706298790,1672,f7fc1400
374,0,87706303630,1404,f7fc1400
375,2,87706306030,924,e026ac00
376,0,87706307878,2176,f7fc1400
377,0,87706311078,872,f7fc1400
378,0,87706312810,1224,f7fc1400
379,2,87706314998,1692,f7fc2400
380,0,87706317610,568,f7fc1400
381,2,87706319122,504,f7fc2400
382,0,87706320546,1180,f7fc1400
383,0,87706322630,712,f7fc1400
384,0,87706324490,916,f7fc1c00
385,0,87706994362,1900,f7fc1400
386,0,87706998102,620,f7fc1400
387,0,87706999598,2104,f7fc1400
388,0,87707002610,796,f7fc1400
389,0,87707004318,1156,f7fc1400
390,0,87707006390,484,f7fc1400
391,0,87707008310,1284,f7fc1400
392,0,87707010422,456,f7fc1400
393,0,87707011990,900,f7fc4c00
394,0,87717477550,1944,f7fc1400
395,0,87717482410,1252,f7fc1400
396,2,87717484670,852,e026ac00
397,0,87717486426,1948,f7fc1400
398,0,87717489298,824,f7fc1400
399,0,87717490990,1156,f7fc1400
400,2,87717493142,1660,f7fc5400
401,0,87717495750,468,f7fc1400
402,2,87717497266,520,f7fc5400
403,0,87717498710,1252,f7fc1400
404,0,87717500854,716,f7fc1400
405,0,87717502690,876,f7fc4c00
406,0,87726839142,2100,f7fc1400
407,1,87726844090,904,e026a400
408,0,87726844090,1536,f7fc1400
409,1,87726846826,992,e026a400
410,0,87726848758,1972,f7fc1400
411,0,87726851702,840,f7fc1400
412,0,87726853406,840,f7fc1400
413,1,87726855210,1724,f7fc5c00
414,0,87726857906,556,f7fc1400
415,1,87726859550,572,f7fc5c00
416,0,87726861102,1384,f7fc1400
417,0,87726863430,716,f7fc1400
418,0,87726865270,852,f7fc4c00
419,0,87739853118,2152,f7fc1400
420,1,87739858450,872,e026a400
421,0,87739858450,1520,f7fc1400
422,1,87739861114,924,e026a400
423,0,87739862970,1996,f7fc1400
424,0,87739865906,892,f7fc1400
425,0,87739867678,1284,f7fc1400
426,1,87739869934,1692,f7fc2c00
427,0,87739872622,600,f7fc1400
428,1,87739874306,588,f7fc2c00
429,0,87739875854,1228,f7fc1400
430,0,87739878030,716,f7fc1400
431,0,87739879862,848,f7fc4c00
432,0,87740325278,1664,f7fc1400
433,0,87740330234,1336,f7fc1400
434,2,87740332638,928,e026ac00
435,0,87740334494,2292,f7fc1400
436,0,87740337770,844,f7fc1400
437,0,87740339486,1036,f7fc1400
438,2,87740341530,1720,f7fc2400
439,0,87740344154,576,f7fc1400
440,2,87740345770,508,f7fc2400
441,0,87740347194,1168,f7fc1400
442,0,87740349282,708,f7fc1400
443,0,87740351602,420,f7fc1400
444,0,87740353082,856,f7fc4c00
445,0,87751510018,1856,f7fc1400
446,0,87751514982,1260,f7fc1400
447,2,87751517238,864,e026ac00
448,0,87751519018,2140,f7fc1400
449,0,87751522086,836,f7fc1400
450,0,87751523790,1116,f7fc1400
451,2,87751525914,1688,f7fc5400
452,0,87751528534,464,f7fc1400
453,2,87751530018,516,f7fc5400
454,0,87751531482,1252,f7fc1400
455,0,87751533622,700,f7fc1400
456,0,87751535434,844,f7fc4c00
457,0,87774352918,2040,f7fc1400
458,0,87774358698,1164,f7fc1400
459,2,87774360918,856,e026ac00
460,0,87774362686,2060,f7fc1400
461,0,87774365650,848,f7fc1400
462,2,87774367570,1084,f7fc2400
463,2,87774370930,712,e026ac00
464,0,87774370930,1540,f7fc1400
465,2,87774373538,896,f7fc2400
466,0,87774375334,596,f7fc1400
467,0,87774377390,1416,f7fc1400
468,0,87774379662,712,f7fc1400
469,0,87774381514,836,f7fc4c00
470,0,87784102010,2032,f7fc1400
471,0,87784106898,1580,f7fc1400
472,1,87784109570,972,e026a400
473,0,87784111562,2052,f7fc1400
474,0,87784114530,876,f7fc1400
475,0,87784116470,1016,f7fc1400
476,1,87784118494,1692,f7fc5400
477,0,87784121206,520,f7fc1400
478,1,87784122702,556,f7fc5400
479,0,87784124266,1312,f7fc1400
480,0,87784126574,716,f7fc1400
481,0,87784128434,836,f7fc4c00
482,0,87785539294,1796,f7fc1400
483,0,87785544050,1300,f7fc1400
484,0,87785546282,2340,f7fc1400
485,2,87785549570,1044,e026ac00
486,0,87785551534,932,f7fc1400
487,2,87785553546,1064,f7fc5c00
488,2,87785556882,716,e026ac00
489,0,87785556882,1592,f7fc1400
490,2,87785559550,872,f7fc5c00
491,0,87785561318,464,f7fc1400
492,0,87785563126,1168,f7fc1400
493,0,87785565154,716,f7fc1400
494,0,87785567014,968,f7fc4c00
495,0,87807881338,1856,f7fc1400
496,0,87807886458,1248,f7fc1400
497,2,87807888702,856,e026ac00
498,0,87807890502,2368,f7fc1400
499,0,87807893746,832,f7fc1400
500,0,87807895502,1108,f7fc1400
501,2,87807897642,1676,f7fc3c00
502,0,87807900250,548,f7fc1400
503,2,87807901806,504,f7fc3c00
504,0,87807903210,1172,f7fc1400
505,0,87807905318,716,f7fc1400
506,0,87807907170,856,f7fc4c00
507,0,87808379846,1848,f7fc1400
508,1,87808384926,884,e026a400
509,0,87808384926,1528,f7fc1400
510,1,87808387494,988,e026a400
511,0,87808389430,2064,f7fc1400
512,0,87808392434,888,f7fc1400
513,0,87808394146,1056,f7fc1400
514,1,87808396126,1740,f7fc2400
515,0,87808398798,604,f7fc1400
516,1,87808400358,564,f7fc2400
517,0,87808401850,1224,f7fc1400
518,0,87808404038,712,f7fc1400
519,0,87808405882,904,f7fc4c00
520,0,87815059690,1948,f7fc1400
521,0,87815064570,1400,f7fc1400
522,2,87815067010,928,e026ac00
523,0,87815068870,2200,f7fc1400
524,0,87815072034,856,f7fc1400
525,0,87815073778,1216,f7fc1400
526,2,87815075946,1680,f7fc5400
527,0,87815078546,552,f7fc1400
528,2,87815080058,504,f7fc5400
529,0,87815081466,1164,f7fc1400
530,0,87815083542,708,f7fc1400
531,0,87815085394,848,f7fc4c00
532,0,87819566698,1948,f7fc1400
533,0,87819570338,424,f7fc1400
534,1,87819573666,876,e026a400
535,0,87819573666,1516,f7fc1400
536,1,87819576358,968,e026a400
537,0,87819578310,2104,f7fc1400
538,0,87819581394,884,f7fc1400
539,0,87819583102,1108,f7fc1400
540,1,87819585210,1748,f7fc5c00
541,0,87819587882,608,f7fc1400
542,1,87819589522,536,f7fc5c00
543,0,87819591046,1556,f7fc1400
544,0,87819593562,724,f7fc1400
545,0,87819595446,848,f7fc4c00
546,0,87842409086,2040,f7fc1400
547,1,87842414390,788,e026a400
548,0,87842414390,1444,f7fc1400
549,1,87842416950,924,e026a400
550,0,87842418854,2412,f7fc1400
551,0,87842422226,840,f7fc1400
552,0,87842423886,1024,f7fc1400
553,1,87842425826,1736,f7fc2400
554,0,87842428470,612,f7fc1400
555,1,87842430034,644,f7fc2400
556,0,87842431602,1240,f7fc1400
557,0,87842433798,712,f7fc1400
558,0,87842435678,984,f7fc4c00
559,0,87853594442,1796,f7fc1400
560,0,87853599090,1504,f7fc1400
561,1,87853601706,912,e026a400
562,0,87853603602,2228,f7fc1400
563,0,87853606862,836,f7fc1400
564,0,87853608550,1228,f7fc1400
565,1,87853610718,1728,f7fc5c00
566,0,87853613374,608,f7fc1400
567,1,87853614910,584,f7fc5c00
568,0,87853616470,1448,f7fc1400
569,0,87853618858,712,f7fc1400
570,0,87853620698,908,f7fc4c00
571,0,87875880286,1972,f7fc1400
572,0,87875885326,1500,f7fc1400
573,1,87875887918,920,e026a400
574,0,87875889770,2268,f7fc1400
575,0,87875893022,836,f7fc1400
576,0,87875894734,1164,f7fc1400
577,1,87875896846,1724,f7fc3400
578,0,87875899498,608,f7fc1400
579,1,87875901030,532,f7fc3400
580,0,87875902478,1316,f7fc1400
581,0,87875904734,712,f7fc1400
582,0,87875906566,852,f7fc4c00
583,0,87876433498,2032,f7fc1400
584,0,87876438714,1416,f7fc1400
585,2,87876441222,1068,e026ac00
586,0,87876443210,2192,f7fc1400
587,0,87876446334,868,f7fc1400
588,0,87876448082,1164,f7fc1400
589,2,87876450226,1704,f7fc2400
590,0,87876452842,580,f7fc1400
591,2,87876454422,500,f7fc2400
592,0,87876455822,1164,f7fc1400
593,0,87876457866,708,f7fc1400
594,0,87876459686,844,f7fc4c00
595,0,87887618650,1916,f7fc1400
596,0,87887623522,1256,f7fc1400
597,2,87887625922,860,e026ac00
598,0,87887627714,2076,f7fc1400
599,0,87887630718,848,f7fc1400
600,0,87887632442,1140,f7fc1400
601,2,87887634566,1688,f7fc5400
602,0,87887637142,464,f7fc1400
603,2,87887638590,500,f7fc5400
604,0,87887640002,1268,f7fc1400
605,0,87887642170,712,f7fc1400
606,0,87887643998,852,f7fc4c00
607,0,87896868246,1904,f7fc1400
608,0,87896872910,1440,f7fc1400
609,0,87896875694,1912,f7fc1400
610,1,87896878602,1120,e026a400
611,0,87896880702,964,f7fc1400
612,1,87896882794,1136,f7fc5c00
613,1,87896886310,816,e026a400
614,0,87896886310,1808,f7fc1400
615,1,87896889242,852,f7fc5c00
616,0,87896891062,772,f7fc1400
617,0,87896893390,1172,f7fc1400
618,0,87896895446,716,f7fc1400
619,0,87896897338,912,f7fc4c00
620,0,87910460018,1912,f7fc1400
621,1,87910464970,856,e026a400
622,0,87910464970,1508,f7fc1400
623,1,87910467478,916,e026a400
624,0,87910469330,2244,f7fc1400
625,0,87910472882,896,f7fc1400
626,0,87910474594,1048,f7fc1400
627,1,87910476550,1748,f7fc2400
628,0,87910479258,616,f7fc1400
629,1,87910480970,528,f7fc2400
630,0,87910482470,388,f7fc1400
631,0,87910484274,1416,f7fc1400
632,0,87910486562,712,f7fc1400
633,0,87910488438,920,f7fc4c00
634,0,87921647106,1692,f7fc1400
635,1,87921651566,848,e026a400
636,0,87921651566,1484,f7fc1400
637,1,87921654198,928,e026a400
638,0,87921656078,2172,f7fc1400
639,0,87921659146,840,f7fc1400
640,0,87921660806,1192,f7fc1400
641,1,87921663010,1672,f7fc5c00
642,0,87921665642,516,f7fc1400
643,1,87921667254,536,f7fc5c00
644,0,87921668766,1276,f7fc1400
645,0,87921671026,712,f7fc1400
646,0,87921672898,940,f7fc4c00
647,0,87927265810,1812,f7fc1400
648,1,87927270726,788,e026a400
649,0,87927270726,1428,f7fc1400
650,1,87927273222,964,e026a400
651,0,87927275130,2280,f7fc1400
652,0,87927278306,588,f7fc1400
653,0,87927279726,696,f7fc1400
654,0,87927281322,816,f7fc1400
655,1,87927283274,1284,f7fc1c00
656,0,87927285530,1312,f7fc1400
657,0,87927287770,772,f7fc1400
658,0,87927289706,856,f7fc4c00
659,0,87943878178,1984,f7fc1400
660,0,87943883358,1364,f7fc1400
661,2,87943885758,928,e026ac00
662,0,87943887602,1960,f7fc1400
663,0,87943890442,860,f7fc1400
664,0,87943892126,1072,f7fc1400
665,2,87943894146,1640,f7fc2c00
666,0,87943896682,464,f7fc1400
667,2,87943898158,512,f7fc2c00
668,0,87943899554,1160,f7fc1400
669,0,87943901646,716,f7fc1400
670,0,87943903566,900,f7fc4c00
671,0,87944246974,1892,f7fc1400
672,0,87944250942,600,f7fc1400
673,0,87944252374,1968,f7fc1400
674,0,87944255170,812,f7fc1400
675,0,87944256798,1032,f7fc1400
676,0,87944258670,488,f7fc1400
677,0,87944260542,1308,f7fc1400
678,0,87944262710,452,f7fc1400
679,0,87944264310,952,f7fc3c00
680,0,87944815354,1772,f7fc1400
681,0,87944820976,1474,f7fc1400
682,0,87944823514,2048,f7fc1400
683,3,87944826604,936,e026b400
684,0,87944828462,880,f7fc1400
685,3,87944830452,1184,f7fc2400
686,3,87944833968,808,e026b400
687,0,87944833968,1582,f7fc1400
688,3,87944836584,776,f7fc2400
689,0,87944838286,500,f7fc1400
690,0,87944840310,1396,f7fc1400
691,0,87944842558,720,f7fc1400
692,0,87944844434,956,f7fc3c00
693,0,87951430154,2048,f7fc1400
694,0,87951433946,596,f7fc1400
695,0,87951435430,2144,f7fc1400
696,0,87951438482,808,f7fc1400
697,0,87951440202,1064,f7fc1400
698,0,87951442130,452,f7fc1400
699,0,87951443966,1296,f7fc1400
700,0,87951446102,456,f7fc1400
701,0,87951447670,932,f7fc4400
702,0,87955993806,2124,f7fc1400
703,0,87955999048,1462,f7fc1400
704,3,87956001552,1156,e026b400
705,0,87956003658,2080,f7fc1400
706,0,87956006710,580,f7fc1400
707,0,87956008162,576,f7fc1400
708,0,87956009634,768,f7fc1400
709,3,87956011552,1220,f7fc4c00
710,0,87956013694,1660,f7fc1400
711,0,87956016262,720,f7fc1400
712,0,87956018602,424,f7fc1400
713,0,87956020082,976,f7fc4400
714,0,87978841942,2004,f7fc1400
715,0,87978847692,1422,f7fc1400
716,3,87978850140,928,e026b400
717,0,87978851998,2056,f7fc1400
718,0,87978854982,820,f7fc1400
719,0,87978856646,996,f7fc1400
720,3,87978858620,1752,f7fc2400
721,0,87978861322,512,f7fc1400
722,3,87978862796,532,f7fc2400
723,0,87978864270,1224,f7fc1400
724,0,87978866454,724,f7fc1400
725,0,87978868386,856,f7fc4400
726,0,87988123090,2096,f7fc1400
727,0,87988128218,1360,f7fc1400
728,2,87988130626,964,e026ac00
729,0,87988132486,2260,f7fc1400
730,0,87988135646,856,f7fc1400
731,0,87988137354,1152,f7fc1400
732,2,87988139482,1624,f7fc4c00
733,0,87988142002,480,f7fc1400
734,2,87988143442,504,f7fc4c00
735,0,87988144862,1184,f7fc1400
736,0,87988146922,720,f7fc1400
737,0,87988148854,852,f7fc4400
738,0,87990029098,1880,f7fc1400
739,0,87990034144,1470,f7fc1400
740,3,87990036700,1028,e026b400
741,0,87990038658,1940,f7fc1400
742,0,87990041558,812,f7fc1400
743,0,87990043206,1204,f7fc1400
744,3,87990045388,1740,f7fc5400
745,0,87990048070,480,f7fc1400
746,3,87990049520,532,f7fc5400
747,0,87990050998,1176,f7fc1400
748,0,87990053054,720,f7fc1400
749,0,87990054894,856,f7fc4400
750,0,88012678638,1996,f7fc1400
751,0,88012683510,1376,f7fc1400
752,1,88012686094,988,e026a400
753,0,88012688046,2228,f7fc1400
754,0,88012691262,876,f7fc1400
755,0,88012693014,1060,f7fc1400
756,1,88012695010,1756,f7fc5c00
757,0,88012697682,516,f7fc1400
758,1,88012699162,504,f7fc5c00
759,0,88012700566,1504,f7fc1400
760,0,88012703002,716,f7fc1400
761,0,88012704842,844,f7fc4400
762,0,88013211182,1876,f7fc1400
763,0,88013216214,1448,f7fc1400
764,1,88013218774,892,e026a400
765,0,88013220626,1936,f7fc1400
766,0,88013223554,856,f7fc1400
767,0,88013225286,1028,f7fc1400
768,1,88013227274,1780,f7fc2400
769,0,88013229994,484,f7fc1400
770,1,88013231474,512,f7fc2400
771,0,88013232918,1356,f7fc1400
772,0,88013235230,716,f7fc1400
773,0,88013237098,924,f7fc4400
774,0,88024395754,1776,f7fc1400
775,0,88024400378,1424,f7fc1400
776,1,88024402898,856,e026a400
777,0,88024404726,2124,f7fc1400
778,0,88024407838,836,f7fc1400
779,0,88024409590,1036,f7fc1400
780,1,88024411626,1700,f7fc5c00
781,0,88024414278,520,f7fc1400
782,1,88024415734,580,f7fc5c00
783,0,88024417366,1548,f7fc1400
784,0,88024419850,704,f7fc1400
785,0,88024421694,924,f7fc4400
786,0,88045905990,2104,f7fc1400
787,0,88045911166,1440,f7fc1400
788,1,88045913654,860,e026a400
789,0,88045915550,2136,f7fc1400
790,0,88045918670,840,f7fc1400
791,0,88045920394,1100,f7fc1400
792,1,88045922498,1696,f7fc3400
793,0,88045925170,524,f7fc1400
794,1,88045926658,516,f7fc3400
795,0,88045928098,1276,f7fc1400
796,0,88045930314,716,f7fc1400
797,0,88045932142,856,f7fc4400
798,0,88047237734,2132,f7fc1400
799,0,88047241526,388,f7fc1400
800,0,88047245072,1466,f7fc1400
801,3,88047247708,1196,e026b400
802,0,88047249834,2172,f7fc1400
803,0,88047252930,848,f7fc1400
804,0,88047254670,988,f7fc1400
805,3,88047256700,1728,f7fc2400
806,0,88047259334,480,f7fc1400
807,3,88047260792,540,f7fc2400
808,0,88047262278,1212,f7fc1400
809,0,88047264382,840,f7fc1400
810,0,88047266334,856,f7fc4400
811,0,88058425094,1764,f7fc1400
812,0,88058429856,1446,f7fc1400
813,3,88058432296,892,e026b400
814,0,88058434118,2488,f7fc1400
815,0,88058437530,820,f7fc1400
816,0,88058439230,1160,f7fc1400
817,3,88058441448,1716,f7fc5400
818,0,88058444082,480,f7fc1400
819,3,88058445612,544,f7fc5400
820,0,88058447090,1164,f7fc1400
821,0,88058449250,712,f7fc1400
822,0,88058451118,844,f7fc4400
823,0,88066893338,2152,f7fc1400
824,0,88066898238,1500,f7fc1400
825,1,88066900774,992,e026a400
826,0,88066902702,2000,f7fc1400
827,0,88066905726,872,f7fc1400
828,0,88066907506,1068,f7fc1400
829,1,88066909570,1656,f7fc5c00
830,0,88066912162,484,f7fc1400
831,1,88066913626,500,f7fc5c00
832,0,88066915046,1176,f7fc1400
833,0,88066917134,716,f7fc1400
834,0,88066918994,848,f7fc4400
835,0,88080274278,2132,f7fc1400
836,0,88080279666,1440,f7fc1400
837,1,88080282146,916,e026a400
838,0,88080284070,2024,f7fc1400
839,0,88080287026,580,f7fc1400
840,0,88080288514,568,f7fc1400
841,0,88080289986,760,f7fc1400
842,1,88080291914,1212,f7fc3c00
843,0,88080294162,1420,f7fc1400
844,0,88080296562,712,f7fc1400
845,0,88080298422,856,f7fc4400
846,0,88081260378,1952,f7fc1400
847,0,88081265524,1470,f7fc1400
848,0,88081268046,1992,f7fc1400
849,3,88081270992,1056,e026b400
850,0,88081272998,884,f7fc1400
851,0,88081274758,932,f7fc1400
852,3,88081276716,1684,f7fc2400
853,0,88081279314,508,f7fc1400
854,3,88081280880,532,f7fc2400
855,0,88081282338,1184,f7fc1400
856,0,88081284478,716,f7fc1400
857,0,88081286358,904,f7fc4400
858,0,88087453954,1944,f7fc1400
859,0,88087458766,1472,f7fc1400
860,1,88087461346,964,e026a400
861,0,88087463234,2052,f7fc1400
862,0,88087466238,856,f7fc1400
863,0,88087467918,1076,f7fc1400
864,1,88087469926,1680,f7fc5400
865,0,88087472554,484,f7fc1400
866,1,88087474126,508,f7fc5400
867,0,88087475638,1172,f7fc1400
868,0,88087477766,720,f7fc1400
869,0,88087479646,852,f7fc4400
870,0,88092447058,2128,f7fc1400
871,0,88092452196,1466,f7fc1400
872,3,88092454680,992,e026b400
873,0,88092456618,1924,f7fc1400
874,0,88092459442,848,f7fc1400
875,0,88092461138,1176,f7fc1400
876,3,88092463304,1716,f7fc5c00
877,0,88092465934,480,f7fc1400
878,3,88092467416,524,f7fc5c00
879,0,88092468874,1176,f7fc1400
880,0,88092470994,720,f7fc1400
881,0,88092472918,976,f7fc4400
882,0,88115286898,1824,f7fc1400
883,0,88115292304,1298,f7fc1400
884,3,88115294636,872,e026b400
885,0,88115296446,2172,f7fc1400
886,0,88115299874,824,f7fc1400
887,0,88115301522,992,f7fc1400
888,3,88115303504,1684,f7fc2400
889,0,88115306118,480,f7fc1400
890,3,88115307600,536,f7fc2400
891,0,88115309066,388,f7fc1400
892,0,88115310722,1208,f7fc1400
893,0,88115312802,720,f7fc1400
894,0,88115314726,856,f7fc4400
895,0,88126473546,1764,f7fc1400
896,0,88126478296,1346,f7fc1400
897,3,88126480704,912,e026b400
898,0,88126482566,2028,f7fc1400
899,0,88126485538,812,f7fc1400
900,0,88126487194,1000,f7fc1400
901,3,88126489168,1672,f7fc5c00
902,0,88126491778,484,f7fc1400
903,3,88126493248,692,f7fc5c00
904,0,88126494866,1172,f7fc1400
905,0,88126496994,732,f7fc1400
906,0,88126498878,916,f7fc4400
907,0,88147901910,2004,f7fc1400
908,0,88147907208,1346,f7fc1400
909,3,88147909616,888,e026b400
910,0,88147911450,2056,f7fc1400
911,0,88147914398,848,f7fc1400
912,0,88147916070,1308,f7fc1400
913,3,88147918368,1684,f7fc2c00
914,0,88147920982,584,f7fc1400
915,3,88147922540,528,f7fc2c00
916,0,88147923982,1172,f7fc1400
917,0,88147926090,732,f7fc1400
918,0,88147927982,848,f7fc4400
919,0,88149311822,1776,f7fc1400
920,0,88149316798,1524,f7fc1400
921,1,88149319398,956,e026a400
922,0,88149321330,2056,f7fc1400
923,0,88149324422,856,f7fc1400
924,0,88149326346,924,f7fc1400
925,1,88149328254,1720,f7fc2400
926,0,88149330946,512,f7fc1400
927,1,88149332430,524,f7fc2400
928,0,88149333950,1164,f7fc1400
929,0,88149336054,720,f7fc1400
930,0,88149337914,908,f7fc4400
931,0,88160496766,1724,f7fc1400
932,0,88160501322,1320,f7fc1400
933,1,88160503618,872,e026a400
934,0,88160505454,2068,f7fc1400
935,0,88160508510,848,f7fc1400
936,0,88160510274,1200,f7fc1400
937,1,88160512482,1676,f7fc5400
938,0,88160515170,480,f7fc1400
939,1,88160516694,500,f7fc5400
940,0,88160518138,1168,f7fc1400
941,0,88160520242,720,f7fc1400
942,0,88160522106,848,f7fc4400
943,0,88183339566,2032,f7fc1400
944,0,88183344922,1288,f7fc1400
945,1,88183347186,916,e026a400
946,0,88183349058,1976,f7fc1400
947,0,88183351978,836,f7fc1400
948,0,88183353698,1004,f7fc1400
949,1,88183355710,1664,f7fc2400
950,0,88183358410,488,f7fc1400
951,1,88183359874,520,f7fc2400
952,0,88183361346,1168,f7fc1400
953,0,88183363462,708,f7fc1400
954,0,88183365310,832,f7fc4400
955,0,88192147570,1860,f7fc1400
956,0,88192152436,1434,f7fc1400
957,3,88192154940,984,e026b400
958,0,88192156894,2112,f7fc1400
959,0,88192159886,844,f7fc1400
960,0,88192161554,1004,f7fc1400
961,3,88192163616,1716,f7fc5400
962,0,88192166254,572,f7fc1400
963,3,88192167848,536,f7fc5400
964,0,88192169290,1316,f7fc1400
965,0,88192171550,708,f7fc1400
966,0,88192173474,860,f7fc4400
967,0,88194526110,1900,f7fc1400
968,0,88194530766,1500,f7fc1400
969,1,88194533338,976,e026a400
970,0,88194535242,1948,f7fc1400
971,0,88194538130,908,f7fc1400
972,0,88194539854,1132,f7fc1400
973,1,88194541894,1676,f7fc5c00
974,0,88194544538,464,f7fc1400
975,1,88194545982,500,f7fc5c00
976,0,88194547434,1260,f7fc1400
977,0,88194549710,720,f7fc1400
978,0,88194552134,388,f7fc1400
979,0,88194553670,912,f7fc4400
980,0,88215930674,1916,f7fc1400
981,0,88215935590,1392,f7fc1400
982,1,88215938002,864,e026a400
983,0,88215939854,2084,f7fc1400
984,0,88215942914,828,f7fc1400
985,0,88215944594,1052,f7fc1400
986,1,88215946598,1660,f7fc3400
987,0,88215949210,468,f7fc1400
988,1,88215950650,512,f7fc3400
989,0,88215952182,1192,f7fc1400
990,0,88215954366,728,f7fc1400
991,0,88215956294,924,f7fc4400
992,0,88216299606,1856,f7fc1400
993,0,88216304504,1454,f7fc1400
994,0,88216306934,2008,f7fc1400
995,3,88216309920,1068,e026b400
996,0,88216311926,960,f7fc1400
997,3,88216313948,1184,f7fc3c00
998,3,88216317408,804,e026b400
999,0,88216317408,1602,f7fc1400
1000,3,88216320112,908,f7fc3c00
1001,0,88216321934,476,f7fc1400
1002,0,88216323826,1436,f7fc1400
1003,0,88216326182,724,f7fc1400
1004,0,88216328118,848,f7fc4400
1005,0,88217368262,1960,f7fc1400
1006,0,88217373490,1436,f7fc1400
1007,2,88217375974,956,e026ac00
1008,0,88217377850,1984,f7fc1400
1009,0,88217380758,864,f7fc1400
1010,0,88217382478,960,f7fc1400
1011,2,88217384426,1864,f7fc2400
1012,0,88217387190,464,f7fc1400
1013,2,88217388666,504,f7fc2400
1014,0,88217390082,1172,f7fc1400
1015,0,88217392202,720,f7fc1400
1016,0,88217394126,860,f7fc4400
1017,0,88223480102,1952,f7fc1400
1018,0,88223484988,1466,f7fc1400
1019,0,88223487446,2008,f7fc1400
1020,3,88223490432,1064,e026b400
1021,0,88223492426,980,f7fc1400
1022,3,88223494468,1120,f7fc4c00
1023,3,88223497876,820,e026b400
1024,0,88223497876,1794,f7fc1400
1025,0,88223500654,516,f7fc1400
1026,3,88223502120,844,f7fc4c00
1027,0,88223503902,1168,f7fc1400
1028,0,88223505966,712,f7fc1400
1029,0,88223507826,912,f7fc4400
1030,0,88228553514,2020,f7fc1400
1031,0,88228558442,1444,f7fc1400
1032,2,88228560926,928,e026ac00
1033,0,88228562754,2044,f7fc1400
1034,0,88228565722,860,f7fc1400
1035,2,88228567702,1112,f7fc5400
1036,2,88228571138,716,e026ac00
1037,0,88228571138,1676,f7fc1400
1038,0,88228573794,488,f7fc1400
1039,2,88228575234,864,f7fc5400
1040,0,88228577006,1500,f7fc1400
1041,0,88228579422,732,f7fc1400
1042,0,88228581302,844,f7fc4400
1043,0,88233293454,1972,f7fc1400
1044,0,88233298858,1316,f7fc1400
1045,2,88233301218,856,e026ac00
1046,0,88233302970,2116,f7fc1400
1047,0,88233306010,856,f7fc1400
1048,2,88233307974,1084,f7fc1c00
1049,2,88233311346,784,e026ac00
1050,0,88233311346,1760,f7fc1400
1051,0,88233314078,464,f7fc1400
1052,2,88233315494,884,f7fc1c00
1053,0,88233317270,1180,f7fc1400
1054,0,88233319370,708,f7fc1400
1055,0,88233321218,852,f7fc4400
1056,0,88236921898,2076,f7fc1400
1057,0,88236926854,1412,f7fc1400
1058,1,88236929406,976,e026a400
1059,0,88236931350,2064,f7fc1400
1060,0,88236934394,888,f7fc1400
1061,0,88236936350,1116,f7fc1400
1062,1,88236938482,1660,f7fc5400
1063,0,88236941086,524,f7fc1400
1064,1,88236942550,536,f7fc5400
1065,0,88236944014,1260,f7fc1400
1066,0,88236946218,716,f7fc1400
1067,0,88236948078,832,f7fc4400
1068,0,88251394646,1964,f7fc1400
1069,0,88251398266,384,f7fc1400
1070,0,88251401726,1436,f7fc1400
1071,1,88251404238,896,e026a400
1072,0,88251406162,1968,f7fc1400
1073,0,88251409162,864,f7fc1400
1074,0,88251411174,936,f7fc1400
1075,1,88251413122,1728,f7fc2400
1076,0,88251415782,484,f7fc1400
1077,1,88251417234,516,f7fc2400
1078,0,88251418746,1260,f7fc1400
1079,0,88251420942,700,f7fc1400
1080,0,88251422758,840,f7fc4400
1081,0,88262581562,1724,f7fc1400
1082,0,88262586026,1360,f7fc1400
1083,1,88262588478,876,e026a400
1084,0,88262590334,2028,f7fc1400
1085,0,88262593366,836,f7fc1400
1086,0,88262595070,1068,f7fc1400
1087,1,88262597086,1732,f7fc5400
1088,0,88262599782,572,f7fc1400
1089,1,88262601302,524,f7fc5400
1090,0,88262602746,1352,f7fc1400
1091,0,88262605062,708,f7fc1400
1092,0,88262606882,840,f7fc4400
1093,0,88285420758,1916,f7fc1400
1094,0,88285425778,1456,f7fc1400
1095,1,88285428274,868,e026a400
1096,0,88285430190,2088,f7fc1400
1097,0,88285433314,840,f7fc1400
1098,0,88285435038,968,f7fc1400
1099,1,88285436966,1724,f7fc2400
1100,0,88285439646,548,f7fc1400
1101,1,88285441170,512,f7fc2400
1102,0,88285442670,1264,f7fc1400
1103,0,88285444898,716,f7fc1400
1104,0,88285446754,976,f7fc4400
1105,0,88296605498,1796,f7fc1400
1106,0,88296610018,1352,f7fc1400
1107,1,88296612414,868,e026a400
1108,0,88296614238,2296,f7fc1400
1109,0,88296617578,836,f7fc1400
1110,0,88296619582,1036,f7fc1400
1111,1,88296621594,1716,f7fc5400
1112,0,88296624278,568,f7fc1400
1113,1,88296625818,520,f7fc5400
1114,0,88296627274,1304,f7fc1400
1115,0,88296629542,716,f7fc1400
1116,0,88296631414,836,f7fc4400
1117,0,88318707506,1932,f7fc1400
1118,0,88318712194,1468,f7fc1400
1119,2,88318714722,956,e026ac00
1120,0,88318716598,2112,f7fc1400
1121,0,88318719682,860,f7fc1400
1122,2,88318721614,1056,f7fc5c00
1123,2,88318724998,704,e026ac00
1124,0,88318724998,1524,f7fc1400
1125,2,88318727614,872,f7fc5c00
1126,0,88318729370,548,f7fc1400
1127,0,88318731354,1220,f7fc1400
1128,0,88318733442,720,f7fc1400
1129,0,88318735322,928,f7fc4400
1130,0,88319449386,1856,f7fc1400
1131,0,88319454702,1276,f7fc1400
1132,2,88319456982,996,e026ac00
1133,0,88319458910,2060,f7fc1400
1134,0,88319461850,852,f7fc1400
1135,0,88319463526,1040,f7fc1400
1136,2,88319465514,1640,f7fc2400
1137,0,88319468054,564,f7fc1400
1138,2,88319469610,504,f7fc2400
1139,0,88319471022,1316,f7fc1400
1140,0,88319473258,716,f7fc1400
1141,0,88319475138,932,f7fc4400
1142,0,88330633854,1752,f7fc1400
1143,0,88330638694,1264,f7fc1400
1144,2,88330641098,860,e026ac00
1145,0,88330642890,2248,f7fc1400
1146,0,88330646046,844,f7fc1400
1147,0,88330647710,1108,f7fc1400
1148,2,88330649770,1636,f7fc5c00
1149,0,88330652310,560,f7fc1400
1150,2,88330653850,532,f7fc5c00
1151,0,88330655286,1164,f7fc1400
1152,0,88330657362,720,f7fc1400
1153,0,88330659246,844,f7fc4400
1154,0,88351926322,1980,f7fc1400
1155,0,88351931558,1280,f7fc1400
1156,2,88351933878,856,e026ac00
1157,0,88351935666,1900,f7fc1400
1158,0,88351938862,864,f7fc1400
1159,0,88351940562,1160,f7fc1400
1160,2,88351942670,1656,f7fc2c00
1161,0,88351945238,556,f7fc1400
1162,2,88351946742,504,f7fc2c00
1163,0,88351948162,388,f7fc1400
1164,0,88351949862,1216,f7fc1400
1165,0,88351951926,720,f7fc1400
1166,0,88351953806,912,f7fc4400
1167,0,88352327894,1976,f7fc1400
1168,0,88352333070,1488,f7fc1400
1169,1,88352335666,944,e026a400
1170,0,88352337590,2052,f7fc1400
1171,0,88352340674,848,f7fc1400
1172,0,88352342354,1080,f7fc1400
1173,1,88352344354,1700,f7fc3c00
1174,0,88352346994,460,f7fc1400
1175,1,88352348382,524,f7fc3c00
1176,0,88352349898,1196,f7fc1400
1177,0,88352352062,712,f7fc1400
1178,0,88352353930,844,f7fc4400
1179,0,88353475938,1836,f7fc1400
1180,0,88353480996,1294,f7fc1400
1181,3,88353483592,980,e026b400
1182,0,88353485506,2216,f7fc1400
1183,0,88353488678,820,f7fc1400
1184,0,88353490366,948,f7fc1400
1185,3,88353492300,1740,f7fc2400
1186,0,88353494978,472,f7fc1400
1187,3,88353496440,528,f7fc2400
1188,0,88353497902,1172,f7fc1400
1189,0,88353499958,724,f7fc1400
1190,0,88353501794,928,f7fc4400
1191,0,88359506350,1796,f7fc1400
1192,0,88359511278,1556,f7fc1400
1193,1,88359513946,952,e026a400
1194,0,88359515850,2056,f7fc1400
1195,0,88359518902,860,f7fc1400
1196,0,88359520630,1296,f7fc1400
1197,1,88359522878,1728,f7fc4c00
1198,0,88359525538,460,f7fc1400
1199,1,88359526958,496,f7fc4c00
1200,0,88359528362,1176,f7fc1400
1201,0,88359530470,720,f7fc1400
1202,0,88359532302,856,f7fc4400
1203,0,88364659594,1868,f7fc1400
1204,0,88364664460,1350,f7fc1400
1205,3,88364667012,988,e026b400
1206,0,88364668914,2048,f7fc1400
1207,0,88364671922,956,f7fc1400
1208,0,88364673738,1048,f7fc1400
1209,3,88364675812,1700,f7fc5400
1210,0,88364678430,476,f7fc1400
1211,3,88364679896,532,f7fc5400
1212,0,88364681354,1172,f7fc1400
1213,0,88364683426,744,f7fc1400
1214,0,88364685282,840,f7fc4400
1215,0,88385959166,1908,f7fc1400
1216,0,88385964416,1426,f7fc1400
1217,3,88385967008,1108,e026b400
1218,0,88385969042,1988,f7fc1400
1219,0,88385972042,828,f7fc1400
1220,0,88385973742,1100,f7fc1400
1221,3,88385975848,1692,f7fc3400
1222,0,88385978486,588,f7fc1400
1223,3,88385980044,524,f7fc3400
1224,0,88385981502,1172,f7fc1400
1225,0,88385983586,728,f7fc1400
1226,0,88385985426,936,f7fc4400
1227,0,88387501914,1800,f7fc1400
1228,0,88387507022,1456,f7fc1400
1229,0,88387509558,2088,f7fc1400
1230,1,88387512642,1052,e026a400
1231,0,88387514742,892,f7fc1400
1232,1,88387516750,1152,f7fc2400
1233,1,88387520186,800,e026a400
1234,0,88387520186,1584,f7fc1400
1235,1,88387522846,828,f7fc2400
1236,0,88387524590,668,f7fc1400
1237,0,88387526522,1124,f7fc1400
1238,0,88387528510,716,f7fc1400
1239,0,88387530342,848,f7fc4400
1240,0,88396173342,1928,f7fc1400
1241,0,88396178246,1340,f7fc1400
1242,2,88396180578,916,e026ac00
1243,0,88396182542,2260,f7fc1400
1244,0,88396185834,864,f7fc1400
1245,0,88396187598,1140,f7fc1400
1246,2,88396189738,1648,f7fc4c00
1247,0,88396192290,564,f7fc1400
1248,2,88396193862,504,f7fc4c00
1249,0,88396195326,1228,f7fc1400
1250,0,88396197462,728,f7fc1400
1251,0,88396199838,384,f7fc1400
1252,0,88396201250,920,f7fc4400
1253,0,88398688154,2024,f7fc1400
1254,0,88398692974,1544,f7fc1400
1255,1,88398695538,984,e026a400
1256,0,88398697510,2072,f7fc1400
1257,0,88398700570,860,f7fc1400
1258,0,88398702310,1144,f7fc1400
1259,1,88398704430,1700,f7fc5400
1260,0,88398707074,476,f7fc1400
1261,1,88398708586,556,f7fc5400
1262,0,88398710078,1212,f7fc1400
1263,0,88398712266,724,f7fc1400
1264,0,88398714138,972,f7fc4400
1265,0,88406945494,1904,f7fc1400
1266,0,88406950264,1418,f7fc1400
1267,0,88406952742,1916,f7fc1400
1268,3,88406955684,1020,e026b400
1269,0,88406957626,916,f7fc1400
1270,3,88406959652,1084,f7fc5c00
1271,3,88406962984,868,e026b400
1272,0,88406962984,1710,f7fc1400
1273,3,88406965776,776,f7fc5c00
1274,0,88406967462,484,f7fc1400
1275,0,88406969654,1276,f7fc1400
1276,0,88406971782,732,f7fc1400
1277,0,88406973638,924,f7fc4400
1278,0,88421532482,1988,f7fc1400
1279,0,88421537852,1430,f7fc1400
1280,3,88421540248,884,e026b400
1281,0,88421542062,2180,f7fc1400
1282,0,88421545170,856,f7fc1400
1283,0,88421546898,976,f7fc1400
1284,3,88421548920,1732,f7fc2400
1285,0,88421551562,480,f7fc1400
1286,3,88421553088,536,f7fc2400
1287,0,88421554502,1180,f7fc1400
1288,0,88421556574,720,f7fc1400
1289,0,88421558414,920,f7fc4400
1290,0,88432717326,1804,f7fc1400
1291,0,88432722016,1438,f7fc1400
1292,3,88432724520,908,e026b400
1293,0,88432726358,2052,f7fc1400
1294,0,88432729330,808,f7fc1400
1295,0,88432731006,1108,f7fc1400
1296,3,88432733120,1668,f7fc5c00
1297,0,88432735690,492,f7fc1400
1298,3,88432737228,528,f7fc5c00
1299,0,88432738678,1276,f7fc1400
1300,0,88432740858,736,f7fc1400
1301,0,88432742710,844,f7fc4400
1302,0,88455560090,2116,f7fc1400
1303,0,88455565572,1426,f7fc1400
1304,3,88455568036,884,e026b400
1305,0,88455569874,2036,f7fc1400
1306,0,88455572810,816,f7fc1400
1307,0,88455574502,944,f7fc1400
1308,3,88455576448,1684,f7fc2400
1309,0,88455579038,484,f7fc1400
1310,3,88455580536,540,f7fc2400
1311,0,88455581990,1172,f7fc1400
1312,0,88455584150,744,f7fc1400
1313,0,88455586002,912,f7fc4400
1314,0,88466744830,1892,f7fc1400
1315,0,88466749568,1422,f7fc1400
1316,0,88466751982,2236,f7fc1400
1317,3,88466755208,988,e026b400
1318,0,88466757126,892,f7fc1400
1319,3,88466759100,1088,f7fc5c00
1320,3,88466762604,812,e026b400
1321,0,88466762604,1618,f7fc1400
1322,3,88466765292,776,f7fc5c00
1323,0,88466766966,488,f7fc1400
1324,0,88466768918,1376,f7fc1400
1325,0,88466771174,732,f7fc1400
1326,0,88466773082,940,f7fc4400
1327,0,88488356150,1928,f7fc1400
1328,0,88488361148,1434,f7fc1400
1329,3,88488363696,1060,e026b400
1330,0,88488365810,2188,f7fc1400
1331,0,88488368970,960,f7fc1400
1332,0,88488370782,1076,f7fc1400
1333,3,88488372856,1640,f7fc3c00
1334,0,88488375430,584,f7fc1400
1335,3,88488376936,532,f7fc3c00
1336,0,88488378422,1188,f7fc1400
1337,0,88488380506,736,f7fc1400
1338,0,88488382386,912,f7fc4400
1339,0,88489586066,1888,f7fc1400
1340,0,88489589710,384,f7fc1400
1341,0,88489593446,1504,f7fc1400
1342,1,88489596018,952,e026a400
1343,0,88489598014,2120,f7fc1400
1344,0,88489601126,852,f7fc1400
1345,0,88489602826,972,f7fc1400
1346,1,88489604742,1728,f7fc2400
1347,0,88489607394,604,f7fc1400
1348,1,88489608922,572,f7fc2400
1349,0,88489610418,1168,f7fc1400
1350,0,88489612530,724,f7fc1400
1351,0,88489614410,912,f7fc4400
1352,0,88495540654,2012,f7fc1400
1353,0,88495545688,1514,f7fc1400
1354,3,88495548280,972,e026b400
1355,0,88495550174,2064,f7fc1400
1356,0,88495553186,844,f7fc1400
1357,0,88495554894,1120,f7fc1400
1358,3,88495557000,1648,f7fc5400
1359,0,88495559598,580,f7fc1400
1360,3,88495561148,528,f7fc5400
1361,0,88495562570,1180,f7fc1400
1362,0,88495564638,728,f7fc1400
1363,0,88495566482,848,f7fc4400
1364,0,88500768598,1948,f7fc1400
1365,0,88500773438,1452,f7fc1400
1366,1,88500776098,956,e026a400
1367,0,88500778006,1964,f7fc1400
1368,0,88500780954,860,f7fc1400
1369,0,88500782678,1092,f7fc1400
1370,1,88500784698,1712,f7fc5c00
1371,0,88500787402,484,f7fc1400
1372,1,88500788834,532,f7fc5c00
1373,0,88500790270,1200,f7fc1400
1374,0,88500792414,724,f7fc1400
1375,0,88500794250,928,f7fc4400
1376,0,88523611702,1788,f7fc1400
1377,0,88523616898,1428,f7fc1400
1378,1,88523619438,872,e026a400
1379,0,88523621310,2072,f7fc1400
1380,0,88523624370,908,f7fc1400
1381,0,88523626154,1036,f7fc1400
1382,1,88523628114,1708,f7fc2400
1383,0,88523630822,480,f7fc1400
1384,1,88523632218,528,f7fc2400
1385,0,88523633674,1384,f7fc1400
1386,0,88523635994,736,f7fc1400
1387,0,88523637874,844,f7fc4400
1388,0,88534796510,1728,f7fc1400
1389,0,88534801034,1348,f7fc1400
1390,1,88534803478,892,e026a400
1391,0,88534805342,2356,f7fc1400
1392,0,88534808694,832,f7fc1400
1393,0,88534810434,972,f7fc1400
1394,1,88534812418,1712,f7fc5c00
1395,0,88534815174,480,f7fc1400
1396,1,88534816586,512,f7fc5c00
1397,0,88534818026,1172,f7fc1400
1398,0,88534820150,736,f7fc1400
1399,0,88534822002,916,f7fc4400
1400,0,88539316846,1976,f7fc1400
1401,0,88539321822,1432,f7fc1400
1402,0,88539324326,2140,f7fc1400
1403,1,88539327430,1008,e026a400
1404,0,88539329402,904,f7fc1400
1405,0,88539331370,1248,f7fc1400
1406,1,88539333634,1688,f7fc1c00
1407,0,88539336278,480,f7fc1400
1408,1,88539337758,512,f7fc1c00
1409,0,88539339210,1332,f7fc1400
1410,0,88539341478,748,f7fc1400
1411,0,88539343338,840,f7fc4400
1412,0,88555952230,1956,f7fc1400
1413,0,88555957352,1578,f7fc1400
1414,3,88555959908,980,e026b400
1415,0,88555961818,2032,f7fc1400
1416,0,88555964774,836,f7fc1400
1417,0,88555966482,1016,f7fc1400
1418,3,88555968496,1656,f7fc2c00
1419,0,88555971062,612,f7fc1400
1420,3,88555972732,536,f7fc2c00
1421,0,88555974170,1172,f7fc1400
1422,0,88555976234,728,f7fc1400
1423,0,88555978074,968,f7fc4400
1424,0,88556325006,1760,f7fc1400
1425,0,88556329906,1364,f7fc1400
1426,2,88556332322,940,e026ac00
1427,0,88556334178,2228,f7fc1400
1428,0,88556337658,868,f7fc1400
1429,0,88556339386,1092,f7fc1400
1430,2,88556341478,1680,f7fc3400
1431,0,88556344046,560,f7fc1400
1432,2,88556345650,516,f7fc3400
1433,0,88556347158,388,f7fc1400
1434,0,88556348870,1152,f7fc1400
1435,0,88556350898,732,f7fc1400
1436,0,88556352794,844,f7fc4400
1437,0,88557641486,2020,f7fc1400
1438,0,88557646130,596,f7fc1400
1439,0,88557647646,1964,f7fc1400
1440,0,88557650514,808,f7fc1400
1441,0,88557652142,956,f7fc1400
1442,0,88557653914,456,f7fc1400
1443,0,88557655798,1396,f7fc1400
1444,0,88557658046,456,f7fc1400
1445,0,88557659646,992,f7fc2400
1446,0,88568818646,1660,f7fc1400
1447,0,88568822078,592,f7fc1400
1448,0,88568823542,1900,f7fc1400
1449,0,88568826314,580,f7fc1400
1450,0,88568827758,648,f7fc1400
1451,0,88568829318,800,f7fc1400
1452,0,88568831706,1236,f7fc1400
1453,0,88568833834,456,f7fc1400
1454,0,88568835406,932,f7fc4400
1455,0,88577301746,1904,f7fc1400
1456,0,88577306682,1416,f7fc1400
1457,2,88577309074,860,e026ac00
1458,0,88577310918,1944,f7fc1400
1459,0,88577313830,844,f7fc1400
1460,0,88577315538,1368,f7fc1400
1461,2,88577317894,1628,f7fc4c00
1462,0,88577320434,548,f7fc1400
1463,2,88577321986,504,f7fc4c00
1464,0,88577323410,1392,f7fc1400
1465,0,88577325782,712,f7fc1400
1466,0,88577327642,948,f7fc4400
1467,0,88591668650,1824,f7fc1400
1468,0,88591673830,1252,f7fc1400
1469,2,88591676118,860,e026ac00
1470,0,88591677898,2148,f7fc1400
1471,0,88591680950,580,f7fc1400
1472,0,88591682390,580,f7fc1400
1473,0,88591683838,760,f7fc1400
1474,2,88591685718,1220,f7fc2400
1475,0,88591687846,1260,f7fc1400
1476,0,88591690070,708,f7fc1400
1477,0,88591691986,960,f7fc4400
1478,0,88600195306,1928,f7fc1400
1479,0,88600200336,1522,f7fc1400
1480,3,88600202848,944,e026b400
1481,0,88600204742,2088,f7fc1400
1482,0,88600207706,848,f7fc1400
1483,0,88600209398,1044,f7fc1400
1484,3,88600211428,1700,f7fc4c00
1485,0,88600214034,576,f7fc1400
1486,3,88600215664,540,f7fc4c00
1487,0,88600217174,1224,f7fc1400
1488,0,88600219378,708,f7fc1400
1489,0,88600221246,860,f7fc4400
1490,0,88602852814,1856,f7fc1400
1491,0,88602857766,1368,f7fc1400
1492,2,88602860126,964,e026ac00
1493,0,88602862014,2184,f7fc1400
1494,0,88602865098,864,f7fc1400
1495,0,88602866786,1296,f7fc1400
1496,2,88602869062,1716,f7fc5400
1497,0,88602871682,564,f7fc1400
1498,2,88602873210,524,f7fc5400
1499,0,88602874726,1180,f7fc1400
1500,0,88602876882,716,f7fc1400
1501,0,88602878790,840,f7fc4400
1502,0,88624383758,1968,f7fc1400
1503,0,88624389090,1280,f7fc1400
1504,2,88624391366,864,e026ac00
1505,0,88624393154,2176,f7fc1400
1506,0,88624396242,856,f7fc1400
1507,0,88624397950,1128,f7fc1400
1508,2,88624400054,1632,f7fc3c00
1509,0,88624402594,564,f7fc1400
1510,2,88624404110,528,f7fc3c00
1511,0,88624405562,1164,f7fc1400
1512,0,88624407702,716,f7fc1400
1513,0,88624410134,388,f7fc1400
1514,0,88624411606,924,f7fc4400
1515,0,88625069198,1816,f7fc1400
1516,0,88625074066,1556,f7fc1400
1517,1,88625076670,928,e026a400
1518,0,88625078530,2068,f7fc1400
1519,0,88625081566,880,f7fc1400
1520,0,88625083298,1152,f7fc1400
1521,1,88625085366,1736,f7fc5400
1522,0,88625088038,464,f7fc1400
1523,1,88625089426,568,f7fc5400
1524,0,88625091026,1260,f7fc1400
1525,0,88625093326,704,f7fc1400
1526,0,88625095230,900,f7fc4400
1527,0,88625696838,1876,f7fc1400
1528,0,88625701886,1468,f7fc1400
1529,1,88625704458,892,e026a400
1530,0,88625706286,1992,f7fc1400
1531,0,88625709246,856,f7fc1400
1532,0,88625710958,916,f7fc1400
1533,1,88625712802,1816,f7fc2400
1534,0,88625715630,468,f7fc1400
1535,1,88625717014,516,f7fc2400
1536,0,88625718458,1184,f7fc1400
1537,0,88625720582,716,f7fc1400
1538,0,88625722410,856,f7fc4400
1539,0,88631563674,1832,f7fc1400
1540,0,88631568514,1408,f7fc1400
1541,2,88631570930,932,e026ac00
1542,0,88631572770,1932,f7fc1400
1543,0,88631575618,848,f7fc1400
1544,0,88631577334,1016,f7fc1400
1545,2,88631579338,1644,f7fc5400
1546,0,88631581874,464,f7fc1400
1547,2,88631583382,504,f7fc5400
1548,0,88631584818,1164,f7fc1400
1549,0,88631586934,720,f7fc1400
1550,0,88631588770,852,f7fc4400
1551,0,88636879234,1940,f7fc1400
1552,0,88636883886,1436,f7fc1400
1553,1,88636886374,960,e026a400
1554,0,88636888226,2048,f7fc1400
1555,0,88636891250,840,f7fc1400
1556,0,88636892954,1108,f7fc1400
1557,1,88636895018,1836,f7fc5c00
1558,0,88636897882,468,f7fc1400
1559,1,88636899322,516,f7fc5c00
1560,0,88636900814,1292,f7fc1400
1561,0,88636903138,732,f7fc1400
1562,0,88636905010,968,f7fc4400
1563,0,88659722234,1868,f7fc1400
1564,0,88659727354,1352,f7fc1400
1565,0,88659729782,2228,f7fc1400
1566,1,88659732950,1008,e026a400
1567,0,88659734878,872,f7fc1400
1568,0,88659736810,936,f7fc1400
1569,1,88659738706,1640,f7fc2400
1570,0,88659741290,468,f7fc1400
1571,1,88659742742,504,f7fc2400
1572,0,88659744206,1216,f7fc1400
1573,0,88659746398,736,f7fc1400
1574,0,88659748342,852,f7fc4400
1575,0,88670907046,1740,f7fc1400
1576,0,88670911578,1364,f7fc1400
1577,1,88670913966,920,e026a400
1578,0,88670915814,2024,f7fc1400
1579,0,88670918754,840,f7fc1400
1580,0,88670920442,1004,f7fc1400
1581,1,88670922386,1672,f7fc5c00
1582,0,88670924998,468,f7fc1400
1583,1,88670926450,520,f7fc5c00
1584,0,88670927942,1176,f7fc1400
1585,0,88670930158,736,f7fc1400
1586,0,88670932098,892,f7fc4400
1587,0,88693745966,1928,f7fc1400
1588,0,88693751270,1452,f7fc1400
1589,1,88693753750,928,e026a400
1590,0,88693755682,2224,f7fc1400
1591,0,88693758814,832,f7fc1400
1592,0,88693760470,932,f7fc1400
1593,1,88693762326,1752,f7fc2400
1594,0,88693765002,468,f7fc1400
1595,1,88693766494,504,f7fc2400
1596,0,88693767962,1160,f7fc1400
1597,0,88693770066,740,f7fc1400
1598,0,88693771970,916,f7fc4400
1599,0,88704930778,1748,f7fc1400
1600,0,88704934210,388,f7fc1400
1601,0,88704937342,1428,f7fc1400
1602,1,88704939882,876,e026a400
1603,0,88704941686,2116,f7fc1400
1604,0,88704944742,836,f7fc1400
1605,0,88704946406,1032,f7fc1400
1606,1,88704948346,1720,f7fc5c00
1607,0,88704951014,504,f7fc1400
1608,1,88704952530,536,f7fc5c00
1609,0,88704954034,1400,f7fc1400
1610,0,88704956434,716,f7fc1400
1611,0,88704958314,844,f7fc4400
1612,0,88726350878,1860,f7fc1400
1613,0,88726355750,1436,f7fc1400
1614,1,88726358234,860,e026a400
1615,0,88726360026,1944,f7fc1400
1616,0,88726362946,888,f7fc1400
1617,0,88726364662,1028,f7fc1400
1618,1,88726366594,1744,f7fc3400
1619,0,88726369342,708,f7fc1400
1620,1,88726371002,564,f7fc3400
1621,0,88726372542,1164,f7fc1400
1622,0,88726374742,752,f7fc1400
1623,0,88726376654,852,f7fc4400
1624,0,88727770582,1880,f7fc1400
1625,0,88727775894,1428,f7fc1400
1626,2,88727778318,936,e026ac00
1627,0,88727780178,2160,f7fc1400
1628,0,88727783238,868,f7fc1400
1629,0,88727784942,1012,f7fc1400
1630,2,88727786894,1680,f7fc2400
1631,0,88727789478,464,f7fc1400
1632,2,88727790902,504,f7fc2400
1633,0,88727792342,1168,f7fc1400
1634,0,88727794478,732,f7fc1400
1635,0,88727796406,852,f7fc4400
1636,0,88738955154,1992,f7fc1400
1637,0,88738960026,1260,f7fc1400
1638,2,88738962278,864,e026ac00
1639,0,88738964042,2284,f7fc1400
1640,0,88738967254,852,f7fc1400
1641,0,88738968978,1192,f7fc1400
1642,2,88738971178,1684,f7fc5400
1643,0,88738973794,464,f7fc1400
1644,2,88738975306,512,f7fc5400
1645,0,88738976738,1168,f7fc1400
1646,0,88738978790,728,f7fc1400
1647,0,88738980626,904,f7fc4400
1648,0,88747337958,1936,f7fc1400
1649,0,88747342598,1464,f7fc1400
1650,1,88747345162,932,e026a400
1651,0,88747347026,2160,f7fc1400
1652,0,88747350166,840,f7fc1400
1653,0,88747351870,1132,f7fc1400
1654,1,88747353958,1708,f7fc5c00
1655,0,88747356622,464,f7fc1400
1656,1,88747358102,516,f7fc5c00
1657,0,88747359582,1164,f7fc1400
1658,0,88747361726,720,f7fc1400
1659,0,88747363566,932,f7fc4400
1660,0,88759977626,1964,f7fc1400
1661,0,88759982570,1356,f7fc1400
1662,1,88759984934,868,e026a400
1663,0,88759986746,2144,f7fc1400
1664,0,88759989862,852,f7fc1400
1665,0,88759991578,1028,f7fc1400
1666,1,88759993566,1724,f7fc2c00
1667,0,88759996246,504,f7fc1400
1668,1,88759997754,580,f7fc2c00
1669,0,88759999302,1276,f7fc1400
1670,0,88760001602,728,f7fc1400
1671,0,88760003458,840,f7fc4400
1672,0,88760411330,1716,f7fc1400
1673,0,88760416162,1492,f7fc1400
1674,0,88760418618,1980,f7fc1400
1675,2,88760421578,1036,e026ac00
1676,0,88760423534,880,f7fc1400
1677,2,88760425534,1044,f7fc3c00
1678,2,88760428870,712,e026ac00
1679,0,88760428870,1556,f7fc1400
1680,2,88760431498,796,f7fc3c00
1681,0,88760433222,464,f7fc1400
1682,0,88760435054,1168,f7fc1400
1683,0,88760437138,728,f7fc1400
1684,0,88760438986,848,f7fc4400
1685,0,88761799074,1832,f7fc1400
1686,0,88761804124,1406,f7fc1400
1687,0,88761806598,1988,f7fc1400
1688,3,88761809556,1012,e026b400
1689,0,88761811514,864,f7fc1400
1690,3,88761813492,1128,f7fc2400
1691,3,88761816872,800,e026b400
1692,0,88761816872,1562,f7fc1400
1693,3,88761819548,792,f7fc2400
1694,0,88761821270,584,f7fc1400
1695,0,88761823250,384,f7fc1400
1696,0,88761824886,1136,f7fc1400
1697,0,88761826878,728,f7fc1400
1698,0,88761828746,876,f7fc4400
1699,0,88767595326,1932,f7fc1400
1700,0,88767600258,1376,f7fc1400
1701,2,88767602666,968,e026ac00
1702,0,88767604570,2296,f7fc1400
1703,0,88767607766,856,f7fc1400
1704,2,88767609710,1052,f7fc4c00
1705,2,88767612986,704,e026ac00
1706,0,88767612986,1776,f7fc1400
1707,0,88767615794,480,f7fc1400
1708,2,88767617266,896,f7fc4c00
1709,0,88767619058,1168,f7fc1400
1710,0,88767621186,728,f7fc1400
1711,0,88767623058,852,f7fc4400
1712,0,88772984870,1896,f7fc1400
1713,0,88772989668,1578,f7fc1400
1714,0,88772992210,1908,f7fc1400
1715,3,88772995076,1048,e026b400
1716,0,88772997054,904,f7fc1400
1717,3,88772999108,1112,f7fc5400
1718,3,88773002440,856,e026b400
1719,0,88773002440,1734,f7fc1400
1720,3,88773005264,780,f7fc5400
1721,0,88773006970,476,f7fc1400
1722,0,88773008906,1124,f7fc1400
1723,0,88773010886,724,f7fc1400
1724,0,88773012762,836,f7fc4400
1725,0,88795826922,1956,f7fc1400
1726,0,88795832140,1374,f7fc1400
1727,0,88795834498,2156,f7fc1400
1728,3,88795837624,940,e026b400
1729,0,88795839490,888,f7fc1400
1730,3,88795841500,1088,f7fc2400
1731,3,88795844804,808,e026b400
1732,0,88795844804,1658,f7fc1400
1733,3,88795847532,816,f7fc2400
1734,0,88795849274,512,f7fc1400
1735,0,88795851202,1480,f7fc1400
1736,0,88795853534,728,f7fc1400
1737,0,88795855402,844,f7fc4400
1738,0,88804226042,1936,f7fc1400
1739,0,88804230730,1436,f7fc1400
1740,0,88804233234,2108,f7fc1400
1741,1,88804236246,1112,e026a400
1742,0,88804238322,920,f7fc1400
1743,0,88804240166,1048,f7fc1400
1744,1,88804242110,1672,f7fc5400
1745,0,88804244714,520,f7fc1400
1746,1,88804246194,536,f7fc5400
1747,0,88804247658,1304,f7fc1400
1748,0,88804249950,720,f7fc1400
1749,0,88804251830,984,f7fc4400
1750,0,88807009078,1900,f7fc1400
1751,0,88807013952,1434,f7fc1400
1752,0,88807016446,2288,f7fc1400
1753,3,88807019784,1056,e026b400
1754,0,88807021750,960,f7fc1400
1755,0,88807023594,1208,f7fc1400
1756,3,88807025772,1724,f7fc5c00
1757,0,88807028426,480,f7fc1400
1758,3,88807029888,528,f7fc5c00
1759,0,88807031346,1200,f7fc1400
1760,0,88807033458,724,f7fc1400
1761,0,88807035346,848,f7fc4400
1762,0,88829852762,1952,f7fc1400
1763,0,88829857884,1370,f7fc1400
1764,3,88829860372,868,e026b400
1765,0,88829862158,2144,f7fc1400
1766,0,88829865278,812,f7fc1400
1767,0,88829866934,1040,f7fc1400
1768,3,88829868952,1720,f7fc2400
1769,0,88829871614,588,f7fc1400
1770,3,88829873164,532,f7fc2400
1771,0,88829874638,1196,f7fc1400
1772,0,88829876806,740,f7fc1400
1773,0,88829878682,844,f7fc4400
1774,0,88841037470,1736,f7fc1400
1775,0,88841042048,1354,f7fc1400
1776,3,88841044552,896,e026b400
1777,0,88841046374,2052,f7fc1400
1778,0,88841049386,812,f7fc1400
1779,3,88841051328,1056,f7fc5c00
1780,3,88841054672,812,e026b400
1781,0,88841054672,1586,f7fc1400
1782,3,88841057288,836,f7fc5c00
1783,0,88841059050,484,f7fc1400
1784,0,88841060802,1112,f7fc1400
1785,0,88841062762,728,f7fc1400
1786,0,88841065126,388,f7fc1400
1787,0,88841066590,920,f7fc4400
1788,0,88845345438,2124,f7fc1400
1789,0,88845350768,1430,f7fc1400
1790,3,88845353240,944,e026b400
1791,0,88845355110,2064,f7fc1400
1792,0,88845358150,816,f7fc1400
1793,0,88845359814,1136,f7fc1400
1794,3,88845361936,1688,f7fc1c00
1795,0,88845364546,616,f7fc1400
1796,3,88845366140,524,f7fc1c00
1797,0,88845367638,1212,f7fc1400
1798,0,88845369734,732,f7fc1400
1799,0,88845371618,900,f7fc4400
1800,0,88863881254,2084,f7fc1400
1801,0,88863886470,1516,f7fc1400
1802,1,88863889022,964,e026a400
1803,0,88863890958,2112,f7fc1400
1804,0,88863894054,860,f7fc1400
1805,0,88863895770,932,f7fc1400
1806,1,88863897654,1744,f7fc2400
1807,0,88863900334,588,f7fc1400
1808,1,88863901878,532,f7fc2400
1809,0,88863903418,1208,f7fc1400
1810,0,88863905562,720,f7fc1400
1811,0,88863907398,916,f7fc4400
1812,0,88875066234,1760,f7fc1400
1813,0,88875070854,1424,f7fc1400
1814,1,88875073538,912,e026a400
1815,0,88875075394,2384,f7fc1400
1816,0,88875078766,832,f7fc1400
1817,0,88875080466,1244,f7fc1400
1818,1,88875082662,1708,f7fc5400
1819,0,88875085318,524,f7fc1400
1820,1,88875086782,532,f7fc5400
1821,0,88875088286,1176,f7fc1400
1822,0,88875090402,736,f7fc1400
1823,0,88875092254,912,f7fc4400
1824,0,88896376310,1956,f7fc1400
1825,0,88896381534,1448,f7fc1400
1826,1,88896384098,872,e026a400
1827,0,88896385942,1952,f7fc1400
1828,0,88896388882,836,f7fc1400
1829,0,88896390586,1120,f7fc1400
1830,1,88896392686,1744,f7fc3400
1831,0,88896395366,548,f7fc1400
1832,1,88896396866,520,f7fc3400
1833,0,88896398374,1168,f7fc1400
1834,0,88896400482,728,f7fc1400
1835,0,88896402330,916,f7fc4400
1836,0,88896776390,1752,f7fc1400
1837,0,88896781446,1468,f7fc1400
1838,2,88896784086,940,e026ac00
1839,0,88896785954,1944,f7fc1400
1840,0,88896788862,832,f7fc1400
1841,0,88896790566,1068,f7fc1400
1842,2,88896792658,1644,f7fc3c00
1843,0,88896795202,584,f7fc1400
1844,2,88896796790,504,f7fc3c00
1845,0,88896798230,1156,f7fc1400
1846,0,88896800346,720,f7fc1400
1847,0,88896802218,848,f7fc4400
1848,0,88897907262,1788,f7fc1400
1849,0,88897911434,600,f7fc1400
1850,0,88897912890,1964,f7fc1400
1851,0,88897915706,796,f7fc1400
1852,0,88897917354,1088,f7fc1400
1853,0,88897919282,452,f7fc1400
1854,0,88897920878,1496,f7fc1400
1855,0,88897923202,500,f7fc1400
1856,0,88897924814,964,f7fc2400
1857,0,88903946310,1912,f7fc1400
1858,0,88903951266,1352,f7fc1400
1859,2,88903953658,872,e026ac00
1860,0,88903955422,1904,f7fc1400
1861,0,88903958258,584,f7fc1400
1862,0,88903959710,584,f7fc1400
1863,0,88903961122,776,f7fc1400
1864,2,88903963014,1236,f7fc4400
1865,0,88903965178,1172,f7fc1400
1866,0,88903967242,716,f7fc1400
1867,0,88903969078,896,f7fc2400
1868,0,88909089626,2144,f7fc1400
1869,0,88909093410,388,f7fc1400
1870,0,88909095438,592,f7fc1400
1871,0,88909096950,2032,f7fc1400
1872,0,88909099898,788,f7fc1400
1873,0,88909101550,1112,f7fc1400
1874,0,88909103526,456,f7fc1400
1875,0,88909105330,1400,f7fc1400
1876,0,88909107594,484,f7fc1400
1877,0,88909109210,884,f7fc4c00
1878,0,88917357746,1968,f7fc1400
1879,0,88917362522,1460,f7fc1400
1880,0,88917365046,1992,f7fc1400
1881,1,88917367962,1108,e026a400
1882,0,88917370022,932,f7fc1400
1883,1,88917372082,1088,f7fc5400
1884,1,88917375530,712,e026a400
1885,0,88917375530,1620,f7fc1400
1886,1,88917378226,820,f7fc5400
1887,0,88917380022,468,f7fc1400
1888,0,88917381950,1132,f7fc1400
1889,0,88917383942,712,f7fc1400
1890,0,88917385810,912,f7fc4c00
1891,0,88930758166,1944,f7fc1400
1892,0,88930762856,1550,f7fc1400
1893,3,88930765432,992,e026b400
1894,0,88930767370,1952,f7fc1400
1895,0,88930770278,816,f7fc1400
1896,0,88930771970,1188,f7fc1400
1897,3,88930774172,1648,f7fc5c00
1898,0,88930776726,588,f7fc1400
1899,3,88930778356,532,f7fc5c00
1900,0,88930779806,1180,f7fc1400
1901,0,88930781918,728,f7fc1400
1902,0,88930783766,836,f7fc4c00
1903,0,88931933034,1804,f7fc1400
1904,0,88931938024,1366,f7fc1400
1905,3,88931940408,880,e026b400
1906,0,88931942234,2000,f7fc1400
1907,0,88931945150,580,f7fc1400
1908,0,88931946590,520,f7fc1400
1909,0,88931947982,768,f7fc1400
1910,3,88931949872,1244,f7fc2400
1911,0,88931952006,1240,f7fc1400
1912,0,88931954218,728,f7fc1400
1913,0,88931956142,1016,f7fc4c00
1914,0,88943114818,1736,f7fc1400
1915,0,88943119404,1418,f7fc1400
1916,3,88943121872,900,e026b400
1917,0,88943123798,2044,f7fc1400
1918,0,88943126818,820,f7fc1400
1919,0,88943128486,1148,f7fc1400
1920,3,88943130620,1652,f7fc5c00
1921,0,88943133218,584,f7fc1400
1922,3,88943134804,524,f7fc5c00
1923,0,88943136234,1180,f7fc1400
1924,0,88943138378,724,f7fc1400
1925,0,88943140306,848,f7fc4c00
1926,0,88964002650,2144,f7fc1400
1927,0,88964007936,1354,f7fc1400
1928,3,88964010336,876,e026b400
1929,0,88964012246,2240,f7fc1400
1930,0,88964015434,844,f7fc1400
1931,0,88964017134,1156,f7fc1400
1932,3,88964019268,1656,f7fc2c00
1933,0,88964021854,580,f7fc1400
1934,3,88964023440,532,f7fc2c00
1935,0,88964024898,1416,f7fc1400
1936,0,88964027250,732,f7fc1400
1937,0,88964029182,912,f7fc4c00
1938,0,88965956734,1820,f7fc1400
1939,0,88965961614,1496,f7fc1400
1940,1,88965964198,980,e026a400
1941,0,88965966114,2348,f7fc1400
1942,0,88965969382,852,f7fc1400
1943,0,88965971062,1048,f7fc1400
1944,1,88965973062,1704,f7fc2400
1945,0,88965975706,524,f7fc1400
1946,1,88965977166,532,f7fc2400
1947,0,88965978638,1364,f7fc1400
1948,0,88965980978,732,f7fc1400
1949,0,88965982834,848,f7fc4c00
1950,0,88977141474,1808,f7fc1400
1951,0,88977146006,1448,f7fc1400
1952,1,88977148486,920,e026a400
1953,0,88977150382,2036,f7fc1400
1954,0,88977153738,852,f7fc1400
1955,0,88977155658,1244,f7fc1400
1956,1,88977157882,1668,f7fc5400
1957,0,88977160522,524,f7fc1400
1958,1,88977162010,532,f7fc5400
1959,0,88977163542,392,f7fc1400
1960,0,88977165526,1208,f7fc1400
1961,0,88977167586,724,f7fc1400
1962,0,88977169434,836,f7fc4c00
1963,0,88999983558,1824,f7fc1400
1964,0,88999988522,1444,f7fc1400
1965,0,88999991042,2016,f7fc1400
1966,1,88999994078,992,e026a400
1967,0,88999996046,872,f7fc1400
1968,1,88999998042,1088,f7fc2400
1969,1,89000001434,804,e026a400
1970,0,89000001434,1588,f7fc1400
1971,1,89000004150,816,f7fc2400
1972,0,89000005894,504,f7fc1400
1973,0,89000007718,1136,f7fc1400
1974,0,89000009714,732,f7fc1400
1975,0,89000011570,840,f7fc4c00
1976,0,89008253346,1964,f7fc1400
1977,0,89008258248,1438,f7fc1400
1978,0,89008260678,2136,f7fc1400
1979,3,89008263860,1048,e026b400
1980,0,89008265834,920,f7fc1400
1981,3,89008267876,1064,f7fc5400
1982,3,89008271188,812,e026b400
1983,0,89008271188,1558,f7fc1400
1984,3,89008273824,792,f7fc5400
1985,0,89008275550,476,f7fc1400
1986,0,89008277378,1440,f7fc1400
1987,0,89008279670,720,f7fc1400
1988,0,89008281514,976,f7fc4c00
1989,0,89011167994,1852,f7fc1400
1990,0,89011172514,1452,f7fc1400
1991,1,89011175034,964,e026a400
1992,0,89011176982,2164,f7fc1400
1993,0,89011180174,864,f7fc1400
1994,0,89011181930,1180,f7fc1400
1995,1,89011184074,1728,f7fc5c00
1996,0,89011186774,480,f7fc1400
1997,1,89011188210,508,f7fc5c00
1998,0,89011189658,1252,f7fc1400
1999,0,89011191846,728,f7fc1400
2000,0,89011193682,848,f7fc4c00
2001,0,89032800698,2024,f7fc1400
2002,0,89032805926,1428,f7fc1400
2003,1,89032808410,868,e026a400
2004,0,89032810298,2128,f7fc1400
2005,0,89032813418,864,f7fc1400
2006,0,89032815154,1052,f7fc1400
2007,1,89032817186,1712,f7fc3c00
2008,0,89032819950,488,f7fc1400
2009,1,89032821458,496,f7fc3c00
2010,0,89032822966,1316,f7fc1400
2011,0,89032825222,732,f7fc1400
2012,0,89032827070,844,f7fc4c00
2013,0,89034010182,2044,f7fc1400
2014,0,89034015340,1526,f7fc1400
2015,3,89034017932,976,e026b400
2016,0,89034019862,2112,f7fc1400
2017,0,89034022902,852,f7fc1400
2018,0,89034024622,1052,f7fc1400
2019,3,89034026684,1712,f7fc2400
2020,0,89034029290,484,f7fc1400
2021,3,89034030824,532,f7fc2400
2022,0,89034032274,1172,f7fc1400
2023,0,89034034350,704,f7fc1400
2024,0,89034036226,860,f7fc4c00
2025,0,89039979494,1820,f7fc1400
2026,0,89039984006,1468,f7fc1400
2027,1,89039986582,960,e026a400
2028,0,89039988466,2052,f7fc1400
2029,0,89039991474,852,f7fc1400
2030,0,89039993202,1092,f7fc1400
2031,1,89039995274,1716,f7fc5400
2032,0,89039997966,520,f7fc1400
2033,1,89039999462,520,f7fc5400
2034,0,89040000946,1164,f7fc1400
2035,0,89040003138,728,f7fc1400
2036,0,89040004990,912,f7fc4c00
2037,0,89045193358,2072,f7fc1400
2038,0,89045198436,1470,f7fc1400
2039,0,89045200854,2228,f7fc1400
2040,3,89045204064,1088,e026b400
2041,0,89045206102,912,f7fc1400
2042,0,89045207914,1072,f7fc1400
2043,3,89045210004,1696,f7fc5c00
2044,0,89045212634,480,f7fc1400
2045,3,89045214108,532,f7fc5c00
2046,0,89045215562,1352,f7fc1400
2047,0,89045217898,712,f7fc1400
2048,0,89045220322,392,f7fc1400
2049,0,89045221746,912,f7fc4c00
2050,0,89066404974,1972,f7fc1400
2051,0,89066409984,1354,f7fc1400
